,bound,kl,tS,tT,time
data=moons-0_02-6-5000/delta=0.05/epoch=2000/learner=bound-sto/max_depth=None/mc_draws=1/multi=False/nb_per_attribute=2/nb_tree=100/prior=0.5/rand_n=100/risk=MC/seed=6/sigmoid_c=100/sto_prior=1.0/voter=stump,0.1202509179711341,10.59207534790039,0.0883589,0.09412306,186.410178899765
data=moons-0_02-6-5000/delta=0.05/epoch=2000/learner=bound-sto/max_depth=None/mc_draws=1/multi=False/nb_per_attribute=4/nb_tree=100/prior=0.5/rand_n=100/risk=MC/seed=6/sigmoid_c=100/sto_prior=1.0/voter=stump,0.1141067072749137,19.88817596435547,0.09102344,0.092710204,189.49522709846497
data=moons-0_02-6-5000/delta=0.05/epoch=2000/learner=bound-sto/max_depth=None/mc_draws=1/multi=False/nb_per_attribute=8/nb_tree=100/prior=0.5/rand_n=100/risk=MC/seed=6/sigmoid_c=100/sto_prior=1.0/voter=stump,0.0241900067776441,39.005157470703125,0.010882878,0.0036801652,194.09349131584167
data=moons-0_02-6-5000/delta=0.05/epoch=2000/learner=bound-sto/max_depth=None/mc_draws=10/multi=False/nb_per_attribute=2/nb_tree=100/prior=0.5/rand_n=100/risk=MC/seed=6/sigmoid_c=100/sto_prior=1.0/voter=stump,0.1147960349917411,10.67121124267578,0.10405557,0.108221985,194.22153329849243
data=moons-0_02-1-5000/delta=0.05/epoch=2000/learner=bound-sto/max_depth=None/mc_draws=1/multi=False/nb_per_attribute=2/nb_tree=100/prior=0.5/rand_n=100/risk=MC/seed=1/sigmoid_c=100/sto_prior=1.0/voter=stump,0.1148094981908798,10.397987365722656,0.08807232,0.100365765,195.79551601409912
data=moons-0_02-1-5000/delta=0.05/epoch=2000/learner=bound-sto/max_depth=None/mc_draws=1/multi=False/nb_per_attribute=4/nb_tree=100/prior=0.5/rand_n=100/risk=MC/seed=1/sigmoid_c=100/sto_prior=1.0/voter=stump,0.1122763901948928,17.913787841796875,0.075579785,0.0914503,198.07499384880063
data=moons-0_02-5-5000/delta=0.05/epoch=2000/learner=bound-sto/max_depth=None/mc_draws=1/multi=False/nb_per_attribute=8/nb_tree=100/prior=0.5/rand_n=100/risk=MC/seed=5/sigmoid_c=100/sto_prior=1.0/voter=stump,0.0397436544299125,47.43670654296875,0.001753707,0.015369955,198.8506605625153
data=moons-0_02-6-5000/delta=0.05/epoch=2000/learner=bound-sto/max_depth=None/mc_draws=10/multi=False/nb_per_attribute=4/nb_tree=100/prior=0.5/rand_n=100/risk=MC/seed=6/sigmoid_c=100/sto_prior=1.0/voter=stump,0.0689350888133049,20.60400390625,0.037886694,0.04157309,202.02570724487305
data=moons-0_02-1-5000/delta=0.05/epoch=2000/learner=bound-sto/max_depth=None/mc_draws=10/multi=False/nb_per_attribute=2/nb_tree=100/prior=0.5/rand_n=100/risk=MC/seed=1/sigmoid_c=100/sto_prior=1.0/voter=stump,0.1140711680054664,9.775680541992188,0.08858758,0.10001713,202.2716727256775
data=moons-0_02-1-5000/delta=0.05/epoch=2000/learner=bound-sto/max_depth=None/mc_draws=1/multi=False/nb_per_attribute=8/nb_tree=100/prior=0.5/rand_n=100/risk=MC/seed=1/sigmoid_c=100/sto_prior=1.0/voter=stump,0.1523712873458862,46.003204345703125,0.010578111,0.0034485369,203.55215167999268
data=moons-0_02-2-5000/delta=0.05/epoch=2000/learner=bound-sto/max_depth=None/mc_draws=1/multi=False/nb_per_attribute=2/nb_tree=100/prior=0.5/rand_n=100/risk=MC/seed=2/sigmoid_c=100/sto_prior=1.0/voter=stump,0.1160669401288032,10.113914489746094,0.08997142,0.07956985,204.92000818252563
data=moons-0_02-1-5000/delta=0.05/epoch=2000/learner=bound-sto/max_depth=None/mc_draws=10/multi=False/nb_per_attribute=4/nb_tree=100/prior=0.5/rand_n=100/risk=MC/seed=1/sigmoid_c=100/sto_prior=1.0/voter=stump,0.028256356716156,30.575927734375,0.015248834,0.012991936,207.7129991054535
data=moons-0_02-2-5000/delta=0.05/epoch=2000/learner=bound-sto/max_depth=None/mc_draws=1/multi=False/nb_per_attribute=8/nb_tree=100/prior=0.5/rand_n=100/risk=MC/seed=2/sigmoid_c=100/sto_prior=1.0/voter=stump,0.0281344689428806,42.46856689453125,0.0026106213,0.07275102,208.5503916740417
data=moons-0_02-2-5000/delta=0.05/epoch=2000/learner=bound-sto/max_depth=None/mc_draws=1/multi=False/nb_per_attribute=4/nb_tree=100/prior=0.5/rand_n=100/risk=MC/seed=2/sigmoid_c=100/sto_prior=1.0/voter=stump,0.1197599023580551,17.865142822265625,0.090957165,0.08505061,208.88121795654297
data=moons-0_02-5-5000/delta=0.05/epoch=2000/learner=bound-sto/max_depth=None/mc_draws=1/multi=False/nb_per_attribute=16/nb_tree=100/prior=0.5/rand_n=100/risk=MC/seed=5/sigmoid_c=100/sto_prior=1.0/voter=stump,0.1182434186339378,75.8797607421875,0.0008495327,0.005277291,210.6118049621582
data=moons-0_02-6-5000/delta=0.05/epoch=2000/learner=bound-sto/max_depth=None/mc_draws=1/multi=False/nb_per_attribute=16/nb_tree=100/prior=0.5/rand_n=100/risk=MC/seed=6/sigmoid_c=100/sto_prior=1.0/voter=stump,0.1050308942794799,69.69622802734375,0.01629418,0.003771189,211.949640750885
data=moons-0_02-2-5000/delta=0.05/epoch=2000/learner=bound-sto/max_depth=None/mc_draws=10/multi=False/nb_per_attribute=2/nb_tree=100/prior=0.5/rand_n=100/risk=MC/seed=2/sigmoid_c=100/sto_prior=1.0/voter=stump,0.1160950139164924,8.515632629394531,0.09118168,0.09591281,212.6986787319184
data=moons-0_02-4-5000/delta=0.05/epoch=2000/learner=bound-sto/max_depth=None/mc_draws=1/multi=False/nb_per_attribute=2/nb_tree=100/prior=0.5/rand_n=100/risk=MC/seed=4/sigmoid_c=100/sto_prior=1.0/voter=stump,0.1134129166603088,10.734668731689451,0.087016836,0.113958046,214.72509479522705
data=moons-0_02-5-5000/delta=0.05/epoch=2000/learner=bound-sto/max_depth=None/mc_draws=10/multi=False/nb_per_attribute=8/nb_tree=100/prior=0.5/rand_n=100/risk=MC/seed=5/sigmoid_c=100/sto_prior=1.0/voter=stump,0.0434039793908596,52.704132080078125,0.013399184,0.009406875,217.94002842903137
data=moons-0_02-6-5000/delta=0.05/epoch=2000/learner=bound-sto/max_depth=None/mc_draws=10/multi=False/nb_per_attribute=8/nb_tree=100/prior=0.5/rand_n=100/risk=MC/seed=6/sigmoid_c=100/sto_prior=1.0/voter=stump,0.0193596594035625,56.64508056640625,0.0020655254,0.0041710963,218.19886326789856
data=moons-0_02-4-5000/delta=0.05/epoch=2000/learner=bound-sto/max_depth=None/mc_draws=1/multi=False/nb_per_attribute=4/nb_tree=100/prior=0.5/rand_n=100/risk=MC/seed=4/sigmoid_c=100/sto_prior=1.0/voter=stump,0.1069017425179481,17.337234497070312,0.03719873,0.10233939,220.9388966560364
data=moons-0_02-0-5000/delta=0.05/epoch=2000/learner=bound-sto/max_depth=None/mc_draws=1/multi=False/nb_per_attribute=4/nb_tree=100/prior=0.5/rand_n=100/risk=MC/seed=0/sigmoid_c=100/sto_prior=1.0/voter=stump,0.114214688539505,19.742286682128903,0.08627817,0.08228878,221.76748156547544
data=moons-0_02-0-5000/delta=0.05/epoch=2000/learner=bound-sto/max_depth=None/mc_draws=1/multi=False/nb_per_attribute=2/nb_tree=100/prior=0.5/rand_n=100/risk=MC/seed=0/sigmoid_c=100/sto_prior=1.0/voter=stump,0.1173737868666648,9.644554138183594,0.09186994,0.084211655,222.2093276977539
data=moons-0_02-4-5000/delta=0.05/epoch=2000/learner=bound-sto/max_depth=None/mc_draws=10/multi=False/nb_per_attribute=2/nb_tree=100/prior=0.5/rand_n=100/risk=MC/seed=4/sigmoid_c=100/sto_prior=1.0/voter=stump,0.1146470084786415,10.024246215820312,0.087166175,0.107730605,224.36079454422
data=moons-0_02-2-5000/delta=0.05/epoch=2000/learner=bound-sto/max_depth=None/mc_draws=1/multi=False/nb_per_attribute=16/nb_tree=100/prior=0.5/rand_n=100/risk=MC/seed=2/sigmoid_c=100/sto_prior=1.0/voter=stump,0.0254155248403549,74.28775024414062,0.0008366368,0.05954443,227.6836814880371
data=moons-0_02-2-5000/delta=0.05/epoch=2000/learner=bound-sto/max_depth=None/mc_draws=10/multi=False/nb_per_attribute=4/nb_tree=100/prior=0.5/rand_n=100/risk=MC/seed=2/sigmoid_c=100/sto_prior=1.0/voter=stump,0.0294477958232164,27.38134765625,0.02424249,0.012381181,221.8001425266266
data=moons-0_02-1-5000/delta=0.05/epoch=2000/learner=bound-sto/max_depth=None/mc_draws=10/multi=False/nb_per_attribute=8/nb_tree=100/prior=0.5/rand_n=100/risk=MC/seed=1/sigmoid_c=100/sto_prior=1.0/voter=stump,0.018708199262619,57.2071533203125,0.006533982,0.002809505,228.2097954750061
data=moons-0_02-2-5000/delta=0.05/epoch=2000/learner=bound-sto/max_depth=None/mc_draws=10/multi=False/nb_per_attribute=8/nb_tree=100/prior=0.5/rand_n=100/risk=MC/seed=2/sigmoid_c=100/sto_prior=1.0/voter=stump,0.0601245909929275,50.05694580078125,0.0073619345,0.013156436,228.54949140548703
data=moons-0_02-3-5000/delta=0.05/epoch=2000/learner=bound-sto/max_depth=None/mc_draws=1/multi=False/nb_per_attribute=2/nb_tree=100/prior=0.5/rand_n=100/risk=MC/seed=3/sigmoid_c=100/sto_prior=1.0/voter=stump,0.1162748038768768,9.67178726196289,0.091078855,0.100002274,231.09475564956665
data=moons-0_02-4-5000/delta=0.05/epoch=2000/learner=bound-sto/max_depth=None/mc_draws=1/multi=False/nb_per_attribute=8/nb_tree=100/prior=0.5/rand_n=100/risk=MC/seed=4/sigmoid_c=100/sto_prior=1.0/voter=stump,0.0166972074657678,43.59205627441406,0.0036242255,0.0031918266,232.89837265014648
data=moons-0_02-5-5000/delta=0.05/epoch=2000/learner=bound-sto/max_depth=None/mc_draws=1/multi=False/nb_per_attribute=2/nb_tree=100/prior=0.5/rand_n=100/risk=MC/seed=5/sigmoid_c=100/sto_prior=1.0/voter=stump,0.1172076389193534,11.010509490966797,0.09030685,0.07756669,233.4567384719849
data=moons-0_02-4-5000/delta=0.05/epoch=2000/learner=bound-sto/max_depth=None/mc_draws=10/multi=False/nb_per_attribute=4/nb_tree=100/prior=0.5/rand_n=100/risk=MC/seed=4/sigmoid_c=100/sto_prior=1.0/voter=stump,0.0508586578071117,27.5771484375,0.039267927,0.028869946,233.93251276016235
data=moons-0_02-3-5000/delta=0.05/epoch=2000/learner=bound-sto/max_depth=None/mc_draws=1/multi=False/nb_per_attribute=4/nb_tree=100/prior=0.5/rand_n=100/risk=MC/seed=3/sigmoid_c=100/sto_prior=1.0/voter=stump,0.1104031950235366,18.39513397216797,0.11719757,0.09101488,234.48574590682983
data=moons-0_02-5-5000/delta=0.05/epoch=2000/learner=bound-sto/max_depth=None/mc_draws=1/multi=False/nb_per_attribute=32/nb_tree=100/prior=0.5/rand_n=100/risk=MC/seed=5/sigmoid_c=100/sto_prior=1.0/voter=stump,0.0247407164424657,101.0020751953125,0.00044288326,0.0004929454,329.4867548942566
data=moons-0_02-1-5000/delta=0.05/epoch=2000/learner=bound-sto/max_depth=None/mc_draws=1/multi=False/nb_per_attribute=16/nb_tree=100/prior=0.5/rand_n=100/risk=MC/seed=1/sigmoid_c=100/sto_prior=1.0/voter=stump,0.0955829471349716,74.01651000976562,0.0012372534,0.06195636,237.7033524513245
data=moons-0_02-3-5000/delta=0.05/epoch=2000/learner=bound-sto/max_depth=None/mc_draws=10/multi=False/nb_per_attribute=2/nb_tree=100/prior=0.5/rand_n=100/risk=MC/seed=3/sigmoid_c=100/sto_prior=1.0/voter=stump,0.11738882958889,8.18819808959961,0.098167144,0.098376274,239.68354296684265
data=moons-0_02-0-5000/delta=0.05/epoch=2000/learner=bound-sto/max_depth=None/mc_draws=10/multi=False/nb_per_attribute=4/nb_tree=100/prior=0.5/rand_n=100/risk=MC/seed=0/sigmoid_c=100/sto_prior=1.0/voter=stump,0.0540637709200382,32.29974365234375,0.03814798,0.034510728,240.53208947181705
data=moons-0_02-5-5000/delta=0.05/epoch=2000/learner=bound-sto/max_depth=None/mc_draws=1/multi=False/nb_per_attribute=4/nb_tree=100/prior=0.5/rand_n=100/risk=MC/seed=5/sigmoid_c=100/sto_prior=1.0/voter=stump,0.3651123940944671,16.628677368164062,0.04170704,0.06570455,240.96152305603027
data=moons-0_02-6-5000/delta=0.05/epoch=2000/learner=bound-sto/max_depth=None/mc_draws=1/multi=False/nb_per_attribute=32/nb_tree=100/prior=0.5/rand_n=100/risk=MC/seed=6/sigmoid_c=100/sto_prior=1.0/voter=stump,0.0285064876079559,101.98931884765624,0.028673913,0.00653513,324.1696605682373
data=moons-0_02-6-5000/delta=0.05/epoch=2000/learner=bound-sto/max_depth=None/mc_draws=10/multi=False/nb_per_attribute=16/nb_tree=100/prior=0.5/rand_n=100/risk=MC/seed=6/sigmoid_c=100/sto_prior=1.0/voter=stump,0.0226268991827964,81.184814453125,0.0011423058,0.0007281333,242.4590516090393
data=moons-0_02-0-5000/delta=0.05/epoch=2000/learner=bound-sto/max_depth=None/mc_draws=1/multi=False/nb_per_attribute=8/nb_tree=100/prior=0.5/rand_n=100/risk=MC/seed=0/sigmoid_c=100/sto_prior=1.0/voter=stump,0.0735354721546173,40.439239501953125,0.018114077,0.00848653,243.28051018714905
data=moons-0_02-5-5000/delta=0.05/epoch=2000/learner=bound-sto/max_depth=None/mc_draws=10/multi=False/nb_per_attribute=16/nb_tree=100/prior=0.5/rand_n=100/risk=MC/seed=5/sigmoid_c=100/sto_prior=1.0/voter=stump,0.0191673208028078,82.5902099609375,0.0005355203,0.0015579456,243.5850758552552
data=moons-0_02-0-5000/delta=0.05/epoch=2000/learner=bound-sto/max_depth=None/mc_draws=10/multi=False/nb_per_attribute=8/nb_tree=100/prior=0.5/rand_n=100/risk=MC/seed=0/sigmoid_c=100/sto_prior=1.0/voter=stump,0.0286914370954036,53.12896728515625,0.00795176,0.004973333,244.3202610015869
data=moons-0_02-5-5000/delta=0.05/epoch=2000/learner=bound-sto/max_depth=None/mc_draws=10/multi=False/nb_per_attribute=2/nb_tree=100/prior=0.5/rand_n=100/risk=MC/seed=5/sigmoid_c=100/sto_prior=1.0/voter=stump,0.1170656085014343,10.234115600585938,0.091023065,0.07791271,245.44102001190183
data=moons-0_02-3-5000/delta=0.05/epoch=2000/learner=bound-sto/max_depth=None/mc_draws=1/multi=False/nb_per_attribute=8/nb_tree=100/prior=0.5/rand_n=100/risk=MC/seed=3/sigmoid_c=100/sto_prior=1.0/voter=stump,0.030571348965168,45.531280517578125,0.0010026274,0.0021799116,247.617201089859
data=moons-0_02-0-5000/delta=0.05/epoch=2000/learner=bound-sto/max_depth=None/mc_draws=10/multi=False/nb_per_attribute=2/nb_tree=100/prior=0.5/rand_n=100/risk=MC/seed=0/sigmoid_c=100/sto_prior=1.0/voter=stump,0.1161402985453605,8.329158782958984,0.09109118,0.08909946,249.35641956329343
data=moons-0_02-4-5000/delta=0.05/epoch=2000/learner=bound-sto/max_depth=None/mc_draws=1/multi=False/nb_per_attribute=16/nb_tree=100/prior=0.5/rand_n=100/risk=MC/seed=4/sigmoid_c=100/sto_prior=1.0/voter=stump,0.0406408049166202,74.2972412109375,0.0012111239,0.002412986,249.533016204834
data=moons-0_02-3-5000/delta=0.05/epoch=2000/learner=bound-sto/max_depth=None/mc_draws=10/multi=False/nb_per_attribute=4/nb_tree=100/prior=0.5/rand_n=100/risk=MC/seed=3/sigmoid_c=100/sto_prior=1.0/voter=stump,0.06192621961236,30.235015869140625,0.034872096,0.02818041,252.426194190979
data=moons-0_02-5-5000/delta=0.05/epoch=2000/learner=bound-sto/max_depth=None/mc_draws=10/multi=False/nb_per_attribute=4/nb_tree=100/prior=0.5/rand_n=100/risk=MC/seed=5/sigmoid_c=100/sto_prior=1.0/voter=stump,0.0286499056965112,32.2579345703125,0.011443754,0.016366756,253.5836696624756
data=moons-0_02-6-5000/delta=0.05/epoch=2000/learner=bound-sto/max_depth=None/mc_draws=100/multi=False/nb_per_attribute=2/nb_tree=100/prior=0.5/rand_n=100/risk=MC/seed=6/sigmoid_c=100/sto_prior=1.0/voter=stump,0.1162973791360855,10.189949035644531,0.08943726,0.09425073,254.65084791183472
data=moons-0_02-4-5000/delta=0.05/epoch=2000/learner=bound-sto/max_depth=None/mc_draws=10/multi=False/nb_per_attribute=8/nb_tree=100/prior=0.5/rand_n=100/risk=MC/seed=4/sigmoid_c=100/sto_prior=1.0/voter=stump,0.0242860633879899,46.072998046875,0.009807479,0.0026505084,256.999178647995
data=moons-0_02-2-5000/delta=0.05/epoch=2000/learner=bound-sto/max_depth=None/mc_draws=10/multi=False/nb_per_attribute=16/nb_tree=100/prior=0.5/rand_n=100/risk=MC/seed=2/sigmoid_c=100/sto_prior=1.0/voter=stump,0.0242276117205619,79.9437255859375,0.0019234562,0.00042595484,263.16722989082336
data=moons-0_02-2-5000/delta=0.05/epoch=2000/learner=bound-sto/max_depth=None/mc_draws=1/multi=False/nb_per_attribute=32/nb_tree=100/prior=0.5/rand_n=100/risk=MC/seed=2/sigmoid_c=100/sto_prior=1.0/voter=stump,0.0366697683930397,98.747802734375,0.00066169136,0.026528269,242.3364019393921
data=moons-0_02-1-5000/delta=0.05/epoch=2000/learner=bound-sto/max_depth=None/mc_draws=10/multi=False/nb_per_attribute=16/nb_tree=100/prior=0.5/rand_n=100/risk=MC/seed=1/sigmoid_c=100/sto_prior=1.0/voter=stump,0.0210711862891912,79.599609375,0.005353622,0.0017754837,273.24852323532104
data=moons-0_02-1-5000/delta=0.05/epoch=2000/learner=bound-sto/max_depth=None/mc_draws=100/multi=False/nb_per_attribute=2/nb_tree=100/prior=0.5/rand_n=100/risk=MC/seed=1/sigmoid_c=100/sto_prior=1.0/voter=stump,0.1143527030944824,9.586700439453123,0.088841245,0.102739334,277.05064868927
data=moons-0_02-1-5000/delta=0.05/epoch=2000/learner=bound-sto/max_depth=None/mc_draws=1/multi=False/nb_per_attribute=32/nb_tree=100/prior=0.5/rand_n=100/risk=MC/seed=1/sigmoid_c=100/sto_prior=1.0/voter=stump,0.0300091318786144,97.31219482421876,0.008687069,0.0017578873,281.83289337158203
data=moons-0_02-3-5000/delta=0.05/epoch=2000/learner=bound-sto/max_depth=None/mc_draws=1/multi=False/nb_per_attribute=16/nb_tree=100/prior=0.5/rand_n=100/risk=MC/seed=3/sigmoid_c=100/sto_prior=1.0/voter=stump,0.0465597175061702,74.1331787109375,0.007455468,0.08255899,280.079665184021
data=moons-0_02-0-5000/delta=0.05/epoch=2000/learner=bound-sto/max_depth=None/mc_draws=1/multi=False/nb_per_attribute=16/nb_tree=100/prior=0.5/rand_n=100/risk=MC/seed=0/sigmoid_c=100/sto_prior=1.0/voter=stump,0.085481159389019,60.013092041015625,0.09079046,0.0061165183,283.7179970741272
data=moons-0_02-2-5000/delta=0.05/epoch=2000/learner=bound-sto/max_depth=None/mc_draws=100/multi=False/nb_per_attribute=2/nb_tree=100/prior=0.5/rand_n=100/risk=MC/seed=2/sigmoid_c=100/sto_prior=1.0/voter=stump,0.1163809075951576,8.644157409667969,0.09104796,0.0842151,287.27300572395325
data=moons-0_02-5-5000/delta=0.05/epoch=2000/learner=bound-sto/max_depth=None/mc_draws=10/multi=False/nb_per_attribute=32/nb_tree=100/prior=0.5/rand_n=100/risk=MC/seed=5/sigmoid_c=100/sto_prior=1.0/voter=stump,0.0318393670022487,104.601318359375,0.004382767,0.0014929428,293.9906599521637
data=moons-0_02-4-5000/delta=0.05/epoch=2000/learner=bound-sto/max_depth=None/mc_draws=10/multi=False/nb_per_attribute=16/nb_tree=100/prior=0.5/rand_n=100/risk=MC/seed=4/sigmoid_c=100/sto_prior=1.0/voter=stump,0.0272236485034227,82.742919921875,0.0016647206,0.0032636123,298.10648560523987
data=moons-0_02-6-5000/delta=0.05/epoch=2000/learner=bound-sto/max_depth=None/mc_draws=10/multi=False/nb_per_attribute=32/nb_tree=100/prior=0.5/rand_n=100/risk=MC/seed=6/sigmoid_c=100/sto_prior=1.0/voter=stump,0.0321962051093578,106.485595703125,0.0020294194,0.0019827127,287.73719477653503
data=moons-0_02-4-5000/delta=0.05/epoch=2000/learner=bound-sto/max_depth=None/mc_draws=1/multi=False/nb_per_attribute=32/nb_tree=100/prior=0.5/rand_n=100/risk=MC/seed=4/sigmoid_c=100/sto_prior=1.0/voter=stump,0.0697558224201202,98.6727294921875,0.034597468,0.0059802392,333.6527171134949
data=moons-0_02-0-5000/delta=0.05/epoch=2000/learner=bound-sto/max_depth=None/mc_draws=100/multi=False/nb_per_attribute=2/nb_tree=100/prior=0.5/rand_n=100/risk=MC/seed=0/sigmoid_c=100/sto_prior=1.0/voter=stump,0.1161776408553123,7.917831420898437,0.09148772,0.08967197,306.98543429374695
data=moons-0_02-6-5000/delta=0.05/epoch=2000/learner=bound-sto/max_depth=None/mc_draws=100/multi=False/nb_per_attribute=4/nb_tree=100/prior=0.5/rand_n=100/risk=MC/seed=6/sigmoid_c=100/sto_prior=1.0/voter=stump,0.0467170663177967,32.14501953125,0.022392469,0.021424964,310.644154548645
data=moons-0_02-4-5000/delta=0.05/epoch=2000/learner=bound-sto/max_depth=None/mc_draws=100/multi=False/nb_per_attribute=2/nb_tree=100/prior=0.5/rand_n=100/risk=MC/seed=4/sigmoid_c=100/sto_prior=1.0/voter=stump,0.1132678911089897,9.860641479492188,0.08849505,0.11338491,316.351012468338
data=moons-0_02-6-5000/delta=0.05/epoch=2000/learner=bound-sto/max_depth=None/mc_draws=1/multi=False/nb_per_attribute=64/nb_tree=100/prior=0.5/rand_n=100/risk=MC/seed=6/sigmoid_c=100/sto_prior=1.0/voter=stump,0.0375379957258701,131.256591796875,0.0012200748,0.01947178,319.6161653995514
data=moons-0_02-5-5000/delta=0.05/epoch=2000/learner=bound-sto/max_depth=None/mc_draws=1/multi=False/nb_per_attribute=64/nb_tree=100/prior=0.5/rand_n=100/risk=MC/seed=5/sigmoid_c=100/sto_prior=1.0/voter=stump,0.0358158312737941,129.763427734375,0.008743163,0.00918543,320.4086003303528
data=moons-0_02-0-5000/delta=0.05/epoch=2000/learner=bound-sto/max_depth=None/mc_draws=10/multi=False/nb_per_attribute=16/nb_tree=100/prior=0.5/rand_n=100/risk=MC/seed=0/sigmoid_c=100/sto_prior=1.0/voter=stump,0.0224374122917652,83.6929931640625,0.0014565032,0.00058280694,321.88077330589294
data=moons-0_02-1-5000/delta=0.05/epoch=2000/learner=bound-sto/max_depth=None/mc_draws=100/multi=False/nb_per_attribute=4/nb_tree=100/prior=0.5/rand_n=100/risk=MC/seed=1/sigmoid_c=100/sto_prior=1.0/voter=stump,0.0512406192719936,31.0255126953125,0.024231996,0.023837904,322.03237867355347
data=moons-0_02-3-5000/delta=0.05/epoch=2000/learner=bound-sto/max_depth=None/mc_draws=10/multi=False/nb_per_attribute=16/nb_tree=100/prior=0.5/rand_n=100/risk=MC/seed=3/sigmoid_c=100/sto_prior=1.0/voter=stump,0.0213657692074775,80.9742431640625,0.0013329285,0.00072473084,328.72770166397095
data=moons-0_02-2-5000/delta=0.05/epoch=2000/learner=bound-sto/max_depth=None/mc_draws=100/multi=False/nb_per_attribute=4/nb_tree=100/prior=0.5/rand_n=100/risk=MC/seed=2/sigmoid_c=100/sto_prior=1.0/voter=stump,0.1155788674950599,19.092010498046875,0.08517013,0.085747935,331.1235179901123
data=moons-0_02-0-5000/delta=0.05/epoch=2000/learner=bound-sto/max_depth=None/mc_draws=1/multi=False/nb_per_attribute=32/nb_tree=100/prior=0.5/rand_n=100/risk=MC/seed=0/sigmoid_c=100/sto_prior=1.0/voter=stump,0.0542694814503192,106.15863037109376,0.0026175065,0.035341274,239.89620685577395
data=moons-0_02-3-5000/delta=0.05/epoch=2000/learner=bound-sto/max_depth=None/mc_draws=100/multi=False/nb_per_attribute=2/nb_tree=100/prior=0.5/rand_n=100/risk=MC/seed=3/sigmoid_c=100/sto_prior=1.0/voter=stump,0.1154397949576377,8.01751708984375,0.09058944,0.097388096,335.12603759765625
data=moons-0_02-5-5000/delta=0.05/epoch=2000/learner=bound-sto/max_depth=None/mc_draws=100/multi=False/nb_per_attribute=2/nb_tree=100/prior=0.5/rand_n=100/risk=MC/seed=5/sigmoid_c=100/sto_prior=1.0/voter=stump,0.1166747435927391,9.984031677246094,0.09149801,0.0797266,334.1877315044403
data=moons-0_02-3-5000/delta=0.05/epoch=2000/learner=bound-sto/max_depth=None/mc_draws=1/multi=False/nb_per_attribute=32/nb_tree=100/prior=0.5/rand_n=100/risk=MC/seed=3/sigmoid_c=100/sto_prior=1.0/voter=stump,0.0253427550196647,101.3572998046875,0.0019688488,0.0041419654,309.93838572502136
data=moons-0_02-2-5000/delta=0.05/epoch=2000/learner=bound-sto/max_depth=None/mc_draws=10/multi=False/nb_per_attribute=32/nb_tree=100/prior=0.5/rand_n=100/risk=MC/seed=2/sigmoid_c=100/sto_prior=1.0/voter=stump,0.0316453240811824,109.488525390625,0.0061925147,0.0015060857,299.6640787124634
data=moons-0_02-1-5000/delta=0.05/epoch=2000/learner=bound-sto/max_depth=None/mc_draws=10/multi=False/nb_per_attribute=32/nb_tree=100/prior=0.5/rand_n=100/risk=MC/seed=1/sigmoid_c=100/sto_prior=1.0/voter=stump,0.0284073557704687,103.6307373046875,0.0038258927,0.0028255389,357.98545718193054
data=moons-0_02-0-5000/delta=0.05/epoch=2000/learner=bound-sto/max_depth=None/mc_draws=100/multi=False/nb_per_attribute=4/nb_tree=100/prior=0.5/rand_n=100/risk=MC/seed=0/sigmoid_c=100/sto_prior=1.0/voter=stump,0.037761278450489,33.63232421875,0.016381925,0.017411334,349.4548661708832
data=moons-0_02-4-5000/delta=0.05/epoch=2000/learner=bound-sto/max_depth=None/mc_draws=100/multi=False/nb_per_attribute=4/nb_tree=100/prior=0.5/rand_n=100/risk=MC/seed=4/sigmoid_c=100/sto_prior=1.0/voter=stump,0.1297699958086013,19.158004760742188,0.094227225,0.112932876,371.9745852947235
data=moons-0_02-7-5000/delta=0.05/epoch=2000/learner=bound-sto/max_depth=None/mc_draws=1/multi=False/nb_per_attribute=2/nb_tree=100/prior=0.5/rand_n=100/risk=MC/seed=7/sigmoid_c=100/sto_prior=1.0/voter=stump,0.1158013418316841,9.665199279785156,0.08960149,0.085069925,189.6824986934662
data=moons-0_02-3-5000/delta=0.05/epoch=2000/learner=bound-sto/max_depth=None/mc_draws=10/multi=False/nb_per_attribute=8/nb_tree=100/prior=0.5/rand_n=100/risk=MC/seed=3/sigmoid_c=100/sto_prior=1.0/voter=stump,0.029579097405076,54.8450927734375,0.006310095,0.007941133,381.0354630947113
data=moons-0_02-3-5000/delta=0.05/epoch=2000/learner=bound-sto/max_depth=None/mc_draws=100/multi=False/nb_per_attribute=4/nb_tree=100/prior=0.5/rand_n=100/risk=MC/seed=3/sigmoid_c=100/sto_prior=1.0/voter=stump,0.0993477702140808,25.077896118164062,0.06805395,0.07624537,390.2244620323181
data=moons-0_02-5-5000/delta=0.05/epoch=2000/learner=bound-sto/max_depth=None/mc_draws=100/multi=False/nb_per_attribute=4/nb_tree=100/prior=0.5/rand_n=100/risk=MC/seed=5/sigmoid_c=100/sto_prior=1.0/voter=stump,0.0472424402832984,30.26739501953125,0.029530462,0.026515616,391.83395171165466
data=moons-0_02-7-5000/delta=0.05/epoch=2000/learner=bound-sto/max_depth=None/mc_draws=10/multi=False/nb_per_attribute=2/nb_tree=100/prior=0.5/rand_n=100/risk=MC/seed=7/sigmoid_c=100/sto_prior=1.0/voter=stump,0.1156166791915893,9.087730407714844,0.08972367,0.09041473,196.79435300827024
data=moons-0_02-5-5000/delta=0.05/epoch=2000/learner=bound-sto/max_depth=None/mc_draws=100/multi=False/nb_per_attribute=8/nb_tree=100/prior=0.5/rand_n=100/risk=MC/seed=5/sigmoid_c=100/sto_prior=1.0/voter=stump,0.0170716699212789,56.66656494140625,0.0015695319,0.00075345766,393.62543654441833
data=moons-0_02-6-5000/delta=0.05/epoch=2000/learner=bound-sto/max_depth=None/mc_draws=100/multi=False/nb_per_attribute=8/nb_tree=100/prior=0.5/rand_n=100/risk=MC/seed=6/sigmoid_c=100/sto_prior=1.0/voter=stump,0.0185476727783679,62.03326416015625,0.00095452386,0.00073742314,395.9680829048157
data=moons-0_02-0-5000/delta=0.05/epoch=2000/learner=bound-sto/max_depth=None/mc_draws=10/multi=False/nb_per_attribute=32/nb_tree=100/prior=0.5/rand_n=100/risk=MC/seed=0/sigmoid_c=100/sto_prior=1.0/voter=stump,0.0336038470268249,105.42578125,0.0012371987,0.0030334615,305.19364380836487
data=moons-0_02-7-5000/delta=0.05/epoch=2000/learner=bound-sto/max_depth=None/mc_draws=1/multi=False/nb_per_attribute=4/nb_tree=100/prior=0.5/rand_n=100/risk=MC/seed=7/sigmoid_c=100/sto_prior=1.0/voter=stump,0.1049849167466163,16.962852478027344,0.07918894,0.10279463,201.13226413726807
data=moons-0_02-0-5000/delta=0.05/epoch=2000/learner=bound-sto/max_depth=None/mc_draws=100/multi=False/nb_per_attribute=8/nb_tree=100/prior=0.5/rand_n=100/risk=MC/seed=0/sigmoid_c=100/sto_prior=1.0/voter=stump,0.0263197086751461,51.6253662109375,0.0060508098,0.0061914176,403.4530966281891
data=moons-0_02-7-5000/delta=0.05/epoch=2000/learner=bound-sto/max_depth=None/mc_draws=10/multi=False/nb_per_attribute=4/nb_tree=100/prior=0.5/rand_n=100/risk=MC/seed=7/sigmoid_c=100/sto_prior=1.0/voter=stump,0.0347682386636734,30.281005859375,0.01959996,0.019101286,203.1902980804444
data=moons-0_02-7-5000/delta=0.05/epoch=2000/learner=bound-sto/max_depth=None/mc_draws=1/multi=False/nb_per_attribute=8/nb_tree=100/prior=0.5/rand_n=100/risk=MC/seed=7/sigmoid_c=100/sto_prior=1.0/voter=stump,0.0226749088615179,45.108245849609375,0.0019760286,0.05939633,208.2889723777771
data=moons-0_02-3-5000/delta=0.05/epoch=2000/learner=bound-sto/max_depth=None/mc_draws=10/multi=False/nb_per_attribute=32/nb_tree=100/prior=0.5/rand_n=100/risk=MC/seed=3/sigmoid_c=100/sto_prior=1.0/voter=stump,0.0285972449928522,106.7232666015625,0.004057223,0.0023286096,366.40514159202576
data=moons-0_02-0-100/delta=0.05/epoch=2000/learner=bound-sto/max_depth=None/mc_draws=1/multi=False/nb_per_attribute=32/nb_tree=100/prior=0.5/rand_n=100/risk=MC/seed=0/sigmoid_c=100/sto_prior=1.0/voter=stump,0.3024131953716278,11.63916015625,0.12389363,0.17747878,23.16975736618042
data=moons-0_02-0-100/delta=0.05/epoch=2000/learner=bound-sto/max_depth=None/mc_draws=10/multi=False/nb_per_attribute=32/nb_tree=100/prior=0.5/rand_n=100/risk=MC/seed=0/sigmoid_c=100/sto_prior=1.0/voter=stump,0.3753596842288971,11.536514282226562,0.11134103,0.12664284,25.52608609199524
data=moons-0_02-5-5000/delta=0.05/epoch=2000/learner=bound-sto/max_depth=None/mc_draws=10/multi=False/nb_per_attribute=64/nb_tree=100/prior=0.5/rand_n=100/risk=MC/seed=5/sigmoid_c=100/sto_prior=1.0/voter=stump,0.0409271903336048,136.5911865234375,0.002954112,0.0014364361,426.4397234916687
data=moons-0_02-1-5000/delta=0.05/epoch=2000/learner=bound-sto/max_depth=None/mc_draws=100/multi=False/nb_per_attribute=8/nb_tree=100/prior=0.5/rand_n=100/risk=MC/seed=1/sigmoid_c=100/sto_prior=1.0/voter=stump,0.0176411122083663,57.94769287109375,0.0013835746,0.0018553577,427.8575263023377
data=moons-0_02-8-5000/delta=0.05/epoch=2000/learner=bound-sto/max_depth=None/mc_draws=1/multi=False/nb_per_attribute=4/nb_tree=100/prior=0.5/rand_n=100/risk=MC/seed=8/sigmoid_c=100/sto_prior=1.0/voter=stump,0.1126331239938736,16.287002563476562,0.043157384,0.04742659,191.06261086463928
data=moons-0_02-6-5000/delta=0.05/epoch=2000/learner=bound-sto/max_depth=None/mc_draws=10/multi=False/nb_per_attribute=64/nb_tree=100/prior=0.5/rand_n=100/risk=MC/seed=6/sigmoid_c=100/sto_prior=1.0/voter=stump,0.0440317802131176,135.685791015625,0.0030369097,0.0033539024,432.27486848831177
data=moons-0_02-2-5000/delta=0.05/epoch=2000/learner=bound-sto/max_depth=None/mc_draws=100/multi=False/nb_per_attribute=8/nb_tree=100/prior=0.5/rand_n=100/risk=MC/seed=2/sigmoid_c=100/sto_prior=1.0/voter=stump,0.0218317322432994,55.27081298828125,0.0030651905,0.003001476,439.5447297096253
data=moons-0_02-1-5000/delta=0.05/epoch=2000/learner=bound-sto/max_depth=None/mc_draws=1/multi=False/nb_per_attribute=64/nb_tree=100/prior=0.5/rand_n=100/risk=MC/seed=1/sigmoid_c=100/sto_prior=1.0/voter=stump,0.0489564910531044,125.3023681640625,0.0056491634,0.0057081776,443.324193239212
data=moons-0_02-7-5000/delta=0.05/epoch=2000/learner=bound-sto/max_depth=None/mc_draws=1/multi=False/nb_per_attribute=16/nb_tree=100/prior=0.5/rand_n=100/risk=MC/seed=7/sigmoid_c=100/sto_prior=1.0/voter=stump,0.0206837486475706,74.25030517578125,0.012666698,0.0039964993,233.15837574005127
data=moons-0_02-7-5000/delta=0.05/epoch=2000/learner=bound-sto/max_depth=None/mc_draws=10/multi=False/nb_per_attribute=8/nb_tree=100/prior=0.5/rand_n=100/risk=MC/seed=7/sigmoid_c=100/sto_prior=1.0/voter=stump,0.0154826296493411,55.34906005859375,0.0006687184,0.00058438565,240.8524670600891
data=moons-0_02-0-500/delta=0.05/epoch=2000/learner=bound-sto/max_depth=None/mc_draws=10/multi=False/nb_per_attribute=32/nb_tree=100/prior=0.5/rand_n=100/risk=MC/seed=0/sigmoid_c=100/sto_prior=1.0/voter=stump,0.162271648645401,49.81890869140625,0.040065654,0.017593805,44.98106241226196
data=moons-0_02-0-100/delta=0.05/epoch=2000/learner=bound-sto/max_depth=None/mc_draws=10/multi=False/nb_per_attribute=32/nb_tree=100/prior=0.5/rand_n=100/risk=exact/seed=0/sigmoid_c=100/sto_prior=1.0/voter=stump,0.3573737144470215,12.278335571289062,0.09577117,0.10943674,57.485799074172974
data=moons-0_02-8-5000/delta=0.05/epoch=2000/learner=bound-sto/max_depth=None/mc_draws=1/multi=False/nb_per_attribute=2/nb_tree=100/prior=0.5/rand_n=100/risk=MC/seed=8/sigmoid_c=100/sto_prior=1.0/voter=stump,0.1168565303087234,9.692626953125,0.0920088,0.09500838,217.8274185657501
data=moons-0_02-0-500/delta=0.05/epoch=2000/learner=bound-sto/max_depth=None/mc_draws=1/multi=False/nb_per_attribute=32/nb_tree=100/prior=0.5/rand_n=100/risk=MC/seed=0/sigmoid_c=100/sto_prior=1.0/voter=stump,0.175538033246994,41.271728515625,0.033251647,0.01256579,49.42403626441956
data=moons-0_02-7-5000/delta=0.05/epoch=2000/learner=bound-sto/max_depth=None/mc_draws=100/multi=False/nb_per_attribute=2/nb_tree=100/prior=0.5/rand_n=100/risk=MC/seed=7/sigmoid_c=100/sto_prior=1.0/voter=stump,0.1146482229232788,8.906715393066406,0.089921325,0.09095339,263.6977958679199
data=moons-0_02-7-5000/delta=0.05/epoch=2000/learner=bound-sto/max_depth=None/mc_draws=10/multi=False/nb_per_attribute=16/nb_tree=100/prior=0.5/rand_n=100/risk=MC/seed=7/sigmoid_c=100/sto_prior=1.0/voter=stump,0.0273272078484296,84.04010009765625,0.00071237277,0.000386905,247.09446358680725
data=moons-0_02-8-5000/delta=0.05/epoch=2000/learner=bound-sto/max_depth=None/mc_draws=10/multi=False/nb_per_attribute=8/nb_tree=100/prior=0.5/rand_n=100/risk=MC/seed=8/sigmoid_c=100/sto_prior=1.0/voter=stump,0.0193422902375459,59.80078125,0.0015441226,0.003074946,217.7631287574768
data=moons-0_02-0-100/delta=0.05/epoch=2000/learner=bound-sto/max_depth=None/mc_draws=100/multi=False/nb_per_attribute=32/nb_tree=100/prior=0.5/rand_n=100/risk=MC/seed=0/sigmoid_c=100/sto_prior=1.0/voter=stump,0.3788422644138336,11.260391235351562,0.11460931,0.12821192,61.71841764450073
data=moons-0_02-8-5000/delta=0.05/epoch=2000/learner=bound-sto/max_depth=None/mc_draws=1/multi=False/nb_per_attribute=16/nb_tree=100/prior=0.5/rand_n=100/risk=MC/seed=8/sigmoid_c=100/sto_prior=1.0/voter=stump,0.0413256250321865,57.89324951171875,0.007855963,0.05473895,217.33888030052185
data=moons-0_02-8-5000/delta=0.05/epoch=2000/learner=bound-sto/max_depth=None/mc_draws=10/multi=False/nb_per_attribute=4/nb_tree=100/prior=0.5/rand_n=100/risk=MC/seed=8/sigmoid_c=100/sto_prior=1.0/voter=stump,0.0845566540956497,30.213836669921875,0.034655504,0.04450654,228.11730694770813
data=moons-0_02-1-100/delta=0.05/epoch=2000/learner=bound-sto/max_depth=None/mc_draws=1/multi=False/nb_per_attribute=32/nb_tree=100/prior=0.5/rand_n=100/risk=MC/seed=1/sigmoid_c=100/sto_prior=1.0/voter=stump,0.3895374536514282,10.34284210205078,0.11745048,0.14647622,24.767919778823853
data=moons-0_02-1-100/delta=0.05/epoch=2000/learner=bound-sto/max_depth=None/mc_draws=10/multi=False/nb_per_attribute=32/nb_tree=100/prior=0.5/rand_n=100/risk=MC/seed=1/sigmoid_c=100/sto_prior=1.0/voter=stump,0.3654395639896393,11.9552001953125,0.12200147,0.113637134,27.10045623779297
data=moons-0_02-8-5000/delta=0.05/epoch=2000/learner=bound-sto/max_depth=None/mc_draws=10/multi=False/nb_per_attribute=2/nb_tree=100/prior=0.5/rand_n=100/risk=MC/seed=8/sigmoid_c=100/sto_prior=1.0/voter=stump,0.1164017990231514,8.604785919189453,0.09127069,0.094106495,246.5924344062805
data=moons-0_02-0-1000/delta=0.05/epoch=2000/learner=bound-sto/max_depth=None/mc_draws=1/multi=False/nb_per_attribute=32/nb_tree=100/prior=0.5/rand_n=100/risk=MC/seed=0/sigmoid_c=100/sto_prior=1.0/voter=stump,0.1203857958316803,59.2249755859375,0.09292004,0.02242454,61.95186185836792
data=moons-0_02-8-5000/delta=0.05/epoch=2000/learner=bound-sto/max_depth=None/mc_draws=1/multi=False/nb_per_attribute=8/nb_tree=100/prior=0.5/rand_n=100/risk=MC/seed=8/sigmoid_c=100/sto_prior=1.0/voter=stump,0.0188319571316242,44.21929931640625,0.0021109919,0.006180231,251.40747928619385
data=moons-0_02-1-100/delta=0.05/epoch=2000/learner=bound-sto/max_depth=None/mc_draws=100/multi=False/nb_per_attribute=32/nb_tree=100/prior=0.5/rand_n=100/risk=MC/seed=1/sigmoid_c=100/sto_prior=1.0/voter=stump,0.3518992960453033,11.790557861328123,0.10459192,0.13249393,43.44363570213318
data=moons-0_02-9-5000/delta=0.05/epoch=2000/learner=bound-sto/max_depth=None/mc_draws=1/multi=False/nb_per_attribute=4/nb_tree=100/prior=0.5/rand_n=100/risk=MC/seed=9/sigmoid_c=100/sto_prior=1.0/voter=stump,0.1103935912251472,17.06832504272461,0.08437366,0.08524657,197.06218147277832
data=moons-0_02-0-1000/delta=0.05/epoch=2000/learner=bound-sto/max_depth=None/mc_draws=10/multi=False/nb_per_attribute=32/nb_tree=100/prior=0.5/rand_n=100/risk=MC/seed=0/sigmoid_c=100/sto_prior=1.0/voter=stump,0.1007126867771148,66.71795654296875,0.016517686,0.0115429275,74.9599711894989
data=moons-0_02-4-5000/delta=0.05/epoch=2000/learner=bound-sto/max_depth=None/mc_draws=100/multi=False/nb_per_attribute=8/nb_tree=100/prior=0.5/rand_n=100/risk=MC/seed=4/sigmoid_c=100/sto_prior=1.0/voter=stump,0.0156267005950212,58.4739990234375,0.0009473664,0.00051012397,502.0256667137146
data=moons-0_02-1-500/delta=0.05/epoch=2000/learner=bound-sto/max_depth=None/mc_draws=1/multi=False/nb_per_attribute=32/nb_tree=100/prior=0.5/rand_n=100/risk=MC/seed=1/sigmoid_c=100/sto_prior=1.0/voter=stump,0.2436197400093078,39.6375732421875,0.04016588,0.008067173,50.25543785095215
data=moons-0_02-9-5000/delta=0.05/epoch=2000/learner=bound-sto/max_depth=None/mc_draws=10/multi=False/nb_per_attribute=2/nb_tree=100/prior=0.5/rand_n=100/risk=MC/seed=9/sigmoid_c=100/sto_prior=1.0/voter=stump,0.1155639514327049,9.830764770507812,0.09018578,0.10692836,217.27366971969604
data=moons-0_02-1-100/delta=0.05/epoch=2000/learner=bound-sto/max_depth=None/mc_draws=10/multi=False/nb_per_attribute=32/nb_tree=100/prior=0.5/rand_n=100/risk=exact/seed=1/sigmoid_c=100/sto_prior=1.0/voter=stump,0.3448867201805115,11.798004150390623,0.090154335,0.11597055,63.06432604789734
data=moons-0_02-7-5000/delta=0.05/epoch=2000/learner=bound-sto/max_depth=None/mc_draws=100/multi=False/nb_per_attribute=4/nb_tree=100/prior=0.5/rand_n=100/risk=MC/seed=7/sigmoid_c=100/sto_prior=1.0/voter=stump,0.0396191477775573,33.40167236328125,0.015689816,0.016381986,309.4748106002808
data=moons-0_02-1-500/delta=0.05/epoch=2000/learner=bound-sto/max_depth=None/mc_draws=10/multi=False/nb_per_attribute=32/nb_tree=100/prior=0.5/rand_n=100/risk=MC/seed=1/sigmoid_c=100/sto_prior=1.0/voter=stump,0.1704978942871093,48.4122314453125,0.023123346,0.02832203,55.69954371452332
data=moons-0_02-7-5000/delta=0.05/epoch=2000/learner=bound-sto/max_depth=None/mc_draws=10/multi=False/nb_per_attribute=32/nb_tree=100/prior=0.5/rand_n=100/risk=MC/seed=7/sigmoid_c=100/sto_prior=1.0/voter=stump,0.0267602391541004,105.1280517578125,0.0008156211,0.002032039,383.7940821647644
data=moons-0_02-4-5000/delta=0.05/epoch=2000/learner=bound-sto/max_depth=None/mc_draws=10/multi=False/nb_per_attribute=32/nb_tree=100/prior=0.5/rand_n=100/risk=MC/seed=4/sigmoid_c=100/sto_prior=1.0/voter=stump,0.0429521799087524,107.5816650390625,0.0013786284,0.00092527515,408.4890222549439
data=moons-0_02-5-5000/delta=0.05/epoch=2000/learner=bound-sto/max_depth=None/mc_draws=100/multi=False/nb_per_attribute=16/nb_tree=100/prior=0.5/rand_n=100/risk=MC/seed=5/sigmoid_c=100/sto_prior=1.0/voter=stump,0.0232026148587465,90.3499755859375,0.0015988185,0.0011021108,517.7850093841553
data=moons-0_02-6-5000/delta=0.05/epoch=2000/learner=bound-sto/max_depth=None/mc_draws=100/multi=False/nb_per_attribute=16/nb_tree=100/prior=0.5/rand_n=100/risk=MC/seed=6/sigmoid_c=100/sto_prior=1.0/voter=stump,0.0216865483671426,80.726318359375,0.001563323,0.0013581596,521.8532845973969
data=moons-0_02-2-100/delta=0.05/epoch=2000/learner=bound-sto/max_depth=None/mc_draws=10/multi=False/nb_per_attribute=32/nb_tree=100/prior=0.5/rand_n=100/risk=MC/seed=2/sigmoid_c=100/sto_prior=1.0/voter=stump,0.3916184604167938,11.325714111328123,0.10977396,0.119669385,23.95030188560486
data=moons-0_02-1-1000/delta=0.05/epoch=2000/learner=bound-sto/max_depth=None/mc_draws=1/multi=False/nb_per_attribute=32/nb_tree=100/prior=0.5/rand_n=100/risk=MC/seed=1/sigmoid_c=100/sto_prior=1.0/voter=stump,0.1452095955610275,56.27191162109375,0.008009018,0.014467019,60.62456607818604
data=moons-0_02-2-5000/delta=0.05/epoch=2000/learner=bound-sto/max_depth=None/mc_draws=1/multi=False/nb_per_attribute=64/nb_tree=100/prior=0.5/rand_n=100/risk=MC/seed=2/sigmoid_c=100/sto_prior=1.0/voter=stump,0.0483157485723495,130.7374267578125,0.015279029,0.002252407,524.6090176105499
data=moons-0_02-7-5000/delta=0.05/epoch=2000/learner=bound-sto/max_depth=None/mc_draws=1/multi=False/nb_per_attribute=32/nb_tree=100/prior=0.5/rand_n=100/risk=MC/seed=7/sigmoid_c=100/sto_prior=1.0/voter=stump,0.1170661970973014,99.60791015625,0.0011227456,0.0032763153,320.57075238227844
data=moons-0_02-2-100/delta=0.05/epoch=2000/learner=bound-sto/max_depth=None/mc_draws=1/multi=False/nb_per_attribute=32/nb_tree=100/prior=0.5/rand_n=100/risk=MC/seed=2/sigmoid_c=100/sto_prior=1.0/voter=stump,0.2812094092369079,11.765716552734377,0.11475095,0.14702705,28.593190908432007
data=moons-0_02-4-5000/delta=0.05/epoch=2000/learner=bound-sto/max_depth=None/mc_draws=1/multi=False/nb_per_attribute=64/nb_tree=100/prior=0.5/rand_n=100/risk=MC/seed=4/sigmoid_c=100/sto_prior=1.0/voter=stump,0.0541771426796913,128.282470703125,0.0018579651,0.0053030117,533.6852467060089
data=moons-0_02-9-5000/delta=0.05/epoch=2000/learner=bound-sto/max_depth=None/mc_draws=1/multi=False/nb_per_attribute=2/nb_tree=100/prior=0.5/rand_n=100/risk=MC/seed=9/sigmoid_c=100/sto_prior=1.0/voter=stump,0.1177533492445945,10.734504699707031,0.089397006,0.094164535,247.5038290023804
data=moons-0_02-8-5000/delta=0.05/epoch=2000/learner=bound-sto/max_depth=None/mc_draws=10/multi=False/nb_per_attribute=16/nb_tree=100/prior=0.5/rand_n=100/risk=MC/seed=8/sigmoid_c=100/sto_prior=1.0/voter=stump,0.0227748863399028,83.48406982421875,0.00034683643,0.004752058,288.7350616455078
data=moons-0_02-0-500/delta=0.05/epoch=2000/learner=bound-sto/max_depth=None/mc_draws=100/multi=False/nb_per_attribute=32/nb_tree=100/prior=0.5/rand_n=100/risk=MC/seed=0/sigmoid_c=100/sto_prior=1.0/voter=stump,0.1747811287641525,52.52178955078125,0.021315316,0.022650417,121.90260529518127
data=moons-0_02-9-5000/delta=0.05/epoch=2000/learner=bound-sto/max_depth=None/mc_draws=10/multi=False/nb_per_attribute=8/nb_tree=100/prior=0.5/rand_n=100/risk=MC/seed=9/sigmoid_c=100/sto_prior=1.0/voter=stump,0.0178104508668184,56.959716796875,0.0011184076,0.0017124283,220.47459053993225
data=moons-0_02-3-5000/delta=0.05/epoch=2000/learner=bound-sto/max_depth=None/mc_draws=100/multi=False/nb_per_attribute=8/nb_tree=100/prior=0.5/rand_n=100/risk=MC/seed=3/sigmoid_c=100/sto_prior=1.0/voter=stump,0.0169648677110672,57.803466796875,0.0014010118,0.00070571306,542.7106468677521
data=moons-0_02-2-100/delta=0.05/epoch=2000/learner=bound-sto/max_depth=None/mc_draws=10/multi=False/nb_per_attribute=32/nb_tree=100/prior=0.5/rand_n=100/risk=exact/seed=2/sigmoid_c=100/sto_prior=1.0/voter=stump,0.3515247404575348,13.314468383789062,0.08574291,0.10318472,59.21488285064697
data=moons-0_02-2-100/delta=0.05/epoch=2000/learner=bound-sto/max_depth=None/mc_draws=100/multi=False/nb_per_attribute=32/nb_tree=100/prior=0.5/rand_n=100/risk=MC/seed=2/sigmoid_c=100/sto_prior=1.0/voter=stump,0.3548398017883301,12.265457153320312,0.107523054,0.119131096,45.56958079338074
data=moons-0_02-9-5000/delta=0.05/epoch=2000/learner=bound-sto/max_depth=None/mc_draws=1/multi=False/nb_per_attribute=8/nb_tree=100/prior=0.5/rand_n=100/risk=MC/seed=9/sigmoid_c=100/sto_prior=1.0/voter=stump,0.0156642366200685,42.49481201171875,0.027706563,0.071866676,234.3609004020691
data=moons-0_02-9-5000/delta=0.05/epoch=2000/learner=bound-sto/max_depth=None/mc_draws=10/multi=False/nb_per_attribute=4/nb_tree=100/prior=0.5/rand_n=100/risk=MC/seed=9/sigmoid_c=100/sto_prior=1.0/voter=stump,0.0348825566470623,29.786407470703125,0.025060039,0.014556325,238.8499779701233
data=moons-0_02-8-5000/delta=0.05/epoch=2000/learner=bound-sto/max_depth=None/mc_draws=1/multi=False/nb_per_attribute=32/nb_tree=100/prior=0.5/rand_n=100/risk=MC/seed=8/sigmoid_c=100/sto_prior=1.0/voter=stump,0.0304923206567764,100.4610595703125,0.0007293834,0.0037695765,239.7847893238068
data=moons-0_02-2-500/delta=0.05/epoch=2000/learner=bound-sto/max_depth=None/mc_draws=1/multi=False/nb_per_attribute=32/nb_tree=100/prior=0.5/rand_n=100/risk=MC/seed=2/sigmoid_c=100/sto_prior=1.0/voter=stump,0.1923059523105621,39.524505615234375,0.06788812,0.049722724,50.322948932647705
data=moons-0_02-3-100/delta=0.05/epoch=2000/learner=bound-sto/max_depth=None/mc_draws=1/multi=False/nb_per_attribute=32/nb_tree=100/prior=0.5/rand_n=100/risk=MC/seed=3/sigmoid_c=100/sto_prior=1.0/voter=stump,0.4623439908027649,11.282302856445312,0.107297495,0.13242045,28.31503224372864
data=moons-0_02-3-5000/delta=0.05/epoch=2000/learner=bound-sto/max_depth=None/mc_draws=1/multi=False/nb_per_attribute=64/nb_tree=100/prior=0.5/rand_n=100/risk=MC/seed=3/sigmoid_c=100/sto_prior=1.0/voter=stump,0.0451558195054531,133.1544189453125,0.0031713422,0.0024236706,556.1968605518341
data=moons-0_02-8-5000/delta=0.05/epoch=2000/learner=bound-sto/max_depth=None/mc_draws=100/multi=False/nb_per_attribute=2/nb_tree=100/prior=0.5/rand_n=100/risk=MC/seed=8/sigmoid_c=100/sto_prior=1.0/voter=stump,0.1168261095881462,7.976696014404297,0.09151089,0.09470088,321.7696192264557
data=moons-0_02-3-100/delta=0.05/epoch=2000/learner=bound-sto/max_depth=None/mc_draws=10/multi=False/nb_per_attribute=32/nb_tree=100/prior=0.5/rand_n=100/risk=MC/seed=3/sigmoid_c=100/sto_prior=1.0/voter=stump,0.3632915019989013,12.214920043945312,0.13013642,0.13677225,30.497236728668213
data=moons-0_02-1-1000/delta=0.05/epoch=2000/learner=bound-sto/max_depth=None/mc_draws=10/multi=False/nb_per_attribute=32/nb_tree=100/prior=0.5/rand_n=100/risk=MC/seed=1/sigmoid_c=100/sto_prior=1.0/voter=stump,0.1092876940965652,65.2767333984375,0.031588275,0.018132895,96.16720843315125
data=moons-0_02-9-5000/delta=0.05/epoch=2000/learner=bound-sto/max_depth=None/mc_draws=100/multi=False/nb_per_attribute=2/nb_tree=100/prior=0.5/rand_n=100/risk=MC/seed=9/sigmoid_c=100/sto_prior=1.0/voter=stump,0.115060955286026,9.635299682617188,0.09038623,0.096620925,262.73243522644043
data=moons-0_02-1-500/delta=0.05/epoch=2000/learner=bound-sto/max_depth=None/mc_draws=100/multi=False/nb_per_attribute=32/nb_tree=100/prior=0.5/rand_n=100/risk=MC/seed=1/sigmoid_c=100/sto_prior=1.0/voter=stump,0.162471130490303,51.30523681640625,0.020544427,0.01554709,104.19578051567078
data=moons-0_02-2-500/delta=0.05/epoch=2000/learner=bound-sto/max_depth=None/mc_draws=10/multi=False/nb_per_attribute=32/nb_tree=100/prior=0.5/rand_n=100/risk=MC/seed=2/sigmoid_c=100/sto_prior=1.0/voter=stump,0.1672649681568145,48.8568115234375,0.026623735,0.016848654,58.82203555107117
data=moons-0_02-1-5000/delta=0.05/epoch=2000/learner=bound-sto/max_depth=None/mc_draws=10/multi=False/nb_per_attribute=64/nb_tree=100/prior=0.5/rand_n=100/risk=MC/seed=1/sigmoid_c=100/sto_prior=1.0/voter=stump,0.0451114736497402,135.113525390625,0.0036997406,0.008909695,571.3930752277374
data=moons-0_02-9-5000/delta=0.05/epoch=2000/learner=bound-sto/max_depth=None/mc_draws=1/multi=False/nb_per_attribute=16/nb_tree=100/prior=0.5/rand_n=100/risk=MC/seed=9/sigmoid_c=100/sto_prior=1.0/voter=stump,0.0564695373177528,76.246337890625,0.023515217,0.0005555015,228.6271171569824
data=moons-0_02-2-1000/delta=0.05/epoch=2000/learner=bound-sto/max_depth=None/mc_draws=1/multi=False/nb_per_attribute=32/nb_tree=100/prior=0.5/rand_n=100/risk=MC/seed=2/sigmoid_c=100/sto_prior=1.0/voter=stump,0.133092850446701,57.12164306640625,0.025900992,0.06797827,61.07696604728699
data=moons-0_02-8-5000/delta=0.05/epoch=2000/learner=bound-sto/max_depth=None/mc_draws=1/multi=False/nb_per_attribute=64/nb_tree=100/prior=0.5/rand_n=100/risk=MC/seed=8/sigmoid_c=100/sto_prior=1.0/voter=stump,0.089575245976448,130.7591552734375,0.0033586265,0.0017045382,322.9511649608612
data=moons-0_02-3-100/delta=0.05/epoch=2000/learner=bound-sto/max_depth=None/mc_draws=10/multi=False/nb_per_attribute=32/nb_tree=100/prior=0.5/rand_n=100/risk=exact/seed=3/sigmoid_c=100/sto_prior=1.0/voter=stump,0.3678954243659973,13.316116333007812,0.096814066,0.09938333,57.36923170089722
data=moons-0_02-4-100/delta=0.05/epoch=2000/learner=bound-sto/max_depth=None/mc_draws=1/multi=False/nb_per_attribute=32/nb_tree=100/prior=0.5/rand_n=100/risk=MC/seed=4/sigmoid_c=100/sto_prior=1.0/voter=stump,0.3814921677112579,9.000968933105469,0.11331221,0.13847461,28.501495838165283
data=moons-0_02-3-100/delta=0.05/epoch=2000/learner=bound-sto/max_depth=None/mc_draws=100/multi=False/nb_per_attribute=32/nb_tree=100/prior=0.5/rand_n=100/risk=MC/seed=3/sigmoid_c=100/sto_prior=1.0/voter=stump,0.3819514513015747,11.8031005859375,0.11922792,0.121171586,60.19195222854614
data=moons-0_02-4-100/delta=0.05/epoch=2000/learner=bound-sto/max_depth=None/mc_draws=10/multi=False/nb_per_attribute=32/nb_tree=100/prior=0.5/rand_n=100/risk=MC/seed=4/sigmoid_c=100/sto_prior=1.0/voter=stump,0.3504559397697449,10.708297729492188,0.11657608,0.12707818,30.719395875930783
data=moons-0_02-3-500/delta=0.05/epoch=2000/learner=bound-sto/max_depth=None/mc_draws=1/multi=False/nb_per_attribute=32/nb_tree=100/prior=0.5/rand_n=100/risk=MC/seed=3/sigmoid_c=100/sto_prior=1.0/voter=stump,0.1331707388162613,40.04803466796875,0.056303196,0.005295445,55.62652277946472
data=moons-0_02-3-500/delta=0.05/epoch=2000/learner=bound-sto/max_depth=None/mc_draws=10/multi=False/nb_per_attribute=32/nb_tree=100/prior=0.5/rand_n=100/risk=MC/seed=3/sigmoid_c=100/sto_prior=1.0/voter=stump,0.1634410917758941,49.13751220703125,0.026965851,0.021574754,56.868836402893066
data=moons-0_02-4-500/delta=0.05/epoch=2000/learner=bound-sto/max_depth=None/mc_draws=1/multi=False/nb_per_attribute=32/nb_tree=100/prior=0.5/rand_n=100/risk=MC/seed=4/sigmoid_c=100/sto_prior=1.0/voter=stump,0.1441230028867721,40.5653076171875,0.052554104,0.033187952,41.09999179840088
data=moons-0_02-2-1000/delta=0.05/epoch=2000/learner=bound-sto/max_depth=None/mc_draws=10/multi=False/nb_per_attribute=32/nb_tree=100/prior=0.5/rand_n=100/risk=MC/seed=2/sigmoid_c=100/sto_prior=1.0/voter=stump,0.1201229393482208,67.36474609375,0.010399874,0.015340369,90.96315097808838
data=moons-0_02-0-1000/delta=0.05/epoch=2000/learner=bound-sto/max_depth=None/mc_draws=100/multi=False/nb_per_attribute=32/nb_tree=100/prior=0.5/rand_n=100/risk=MC/seed=0/sigmoid_c=100/sto_prior=1.0/voter=stump,0.1028225570917129,68.5732421875,0.010145111,0.008118176,181.3424136638641
data=moons-0_02-4-500/delta=0.05/epoch=2000/learner=bound-sto/max_depth=None/mc_draws=10/multi=False/nb_per_attribute=32/nb_tree=100/prior=0.5/rand_n=100/risk=MC/seed=4/sigmoid_c=100/sto_prior=1.0/voter=stump,0.1822343915700912,47.5743408203125,0.020353494,0.028701775,46.60283207893372
data=moons-0_02-2-5000/delta=0.05/epoch=2000/learner=bound-sto/max_depth=None/mc_draws=100/multi=False/nb_per_attribute=16/nb_tree=100/prior=0.5/rand_n=100/risk=MC/seed=2/sigmoid_c=100/sto_prior=1.0/voter=stump,0.021938394755125,83.218505859375,0.0008431002,0.00083173893,619.066721200943
data=moons-0_02-3-1000/delta=0.05/epoch=2000/learner=bound-sto/max_depth=None/mc_draws=10/multi=False/nb_per_attribute=32/nb_tree=100/prior=0.5/rand_n=100/risk=MC/seed=3/sigmoid_c=100/sto_prior=1.0/voter=stump,0.1037135198712349,66.0654296875,0.0074953167,0.013828224,73.2063295841217
data=moons-0_02-4-100/delta=0.05/epoch=2000/learner=bound-sto/max_depth=None/mc_draws=100/multi=False/nb_per_attribute=32/nb_tree=100/prior=0.5/rand_n=100/risk=MC/seed=4/sigmoid_c=100/sto_prior=1.0/voter=stump,0.3578926920890808,10.596267700195312,0.10726157,0.13124049,58.87779474258423
data=moons-0_02-5-100/delta=0.05/epoch=2000/learner=bound-sto/max_depth=None/mc_draws=1/multi=False/nb_per_attribute=32/nb_tree=100/prior=0.5/rand_n=100/risk=MC/seed=5/sigmoid_c=100/sto_prior=1.0/voter=stump,0.5565471053123474,11.931686401367188,0.13162169,0.2522069,27.135878086090088
data=moons-0_02-3-1000/delta=0.05/epoch=2000/learner=bound-sto/max_depth=None/mc_draws=1/multi=False/nb_per_attribute=32/nb_tree=100/prior=0.5/rand_n=100/risk=MC/seed=3/sigmoid_c=100/sto_prior=1.0/voter=stump,0.0856209397315979,56.75128173828125,0.11038582,0.031112114,82.20420980453491
data=moons-0_02-0-5000/delta=0.05/epoch=2000/learner=bound-sto/max_depth=None/mc_draws=100/multi=False/nb_per_attribute=16/nb_tree=100/prior=0.5/rand_n=100/risk=MC/seed=0/sigmoid_c=100/sto_prior=1.0/voter=stump,0.022253829985857,82.86181640625,0.0012958839,0.0020556818,629.5275576114655
data=moons-0_02-1-5000/delta=0.05/epoch=2000/learner=bound-sto/max_depth=None/mc_draws=100/multi=False/nb_per_attribute=16/nb_tree=100/prior=0.5/rand_n=100/risk=MC/seed=1/sigmoid_c=100/sto_prior=1.0/voter=stump,0.0233612693846225,83.7735595703125,0.0015407709,0.0018343097,631.448783159256
data=moons-0_02-4-100/delta=0.05/epoch=2000/learner=bound-sto/max_depth=None/mc_draws=10/multi=False/nb_per_attribute=32/nb_tree=100/prior=0.5/rand_n=100/risk=exact/seed=4/sigmoid_c=100/sto_prior=1.0/voter=stump,0.3494126498699188,10.869171142578123,0.098958254,0.11767572,74.06869125366211
data=moons-0_02-5-100/delta=0.05/epoch=2000/learner=bound-sto/max_depth=None/mc_draws=10/multi=False/nb_per_attribute=32/nb_tree=100/prior=0.5/rand_n=100/risk=MC/seed=5/sigmoid_c=100/sto_prior=1.0/voter=stump,0.4587677717208862,14.055999755859377,0.10323016,0.10647026,25.36069893836975
data=moons-0_02-8-5000/delta=0.05/epoch=2000/learner=bound-sto/max_depth=None/mc_draws=100/multi=False/nb_per_attribute=4/nb_tree=100/prior=0.5/rand_n=100/risk=MC/seed=8/sigmoid_c=100/sto_prior=1.0/voter=stump,0.0322006940841674,33.0062255859375,0.011011029,0.012391143,392.8433210849762
data=moons-0_02-8-5000/delta=0.05/epoch=2000/learner=bound-sto/max_depth=None/mc_draws=10/multi=False/nb_per_attribute=32/nb_tree=100/prior=0.5/rand_n=100/risk=MC/seed=8/sigmoid_c=100/sto_prior=1.0/voter=stump,0.0326785407960414,104.093994140625,0.0018185297,0.0015635686,408.4926581382752
data=moons-0_02-1-1000/delta=0.05/epoch=2000/learner=bound-sto/max_depth=None/mc_draws=100/multi=False/nb_per_attribute=32/nb_tree=100/prior=0.5/rand_n=100/risk=MC/seed=1/sigmoid_c=100/sto_prior=1.0/voter=stump,0.1036186516284942,67.8572998046875,0.009739456,0.009495614,176.97323656082153
data=moons-0_02-4-1000/delta=0.05/epoch=2000/learner=bound-sto/max_depth=None/mc_draws=1/multi=False/nb_per_attribute=32/nb_tree=100/prior=0.5/rand_n=100/risk=MC/seed=4/sigmoid_c=100/sto_prior=1.0/voter=stump,0.0675069838762283,53.57568359375,0.002853165,0.010377711,69.84369683265686
data=moons-0_02-2-500/delta=0.05/epoch=2000/learner=bound-sto/max_depth=None/mc_draws=100/multi=False/nb_per_attribute=32/nb_tree=100/prior=0.5/rand_n=100/risk=MC/seed=2/sigmoid_c=100/sto_prior=1.0/voter=stump,0.1652581542730331,51.10479736328125,0.016964955,0.023517847,124.01150274276732
data=moons-0_02-0-500/delta=0.05/epoch=2000/learner=bound-sto/max_depth=None/mc_draws=10/multi=False/nb_per_attribute=32/nb_tree=100/prior=0.5/rand_n=100/risk=exact/seed=0/sigmoid_c=100/sto_prior=1.0/voter=stump,0.1419695019721985,50.8865966796875,0.009906744,0.00961369,241.76446080207825
data=moons-0_02-8-5000/delta=0.05/epoch=2000/learner=bound-sto/max_depth=None/mc_draws=100/multi=False/nb_per_attribute=8/nb_tree=100/prior=0.5/rand_n=100/risk=MC/seed=8/sigmoid_c=100/sto_prior=1.0/voter=stump,0.0150209898129105,56.259521484375,0.0005726287,0.00081712037,402.8812403678894
data=moons-0_02-4-1000/delta=0.05/epoch=2000/learner=bound-sto/max_depth=None/mc_draws=10/multi=False/nb_per_attribute=32/nb_tree=100/prior=0.5/rand_n=100/risk=MC/seed=4/sigmoid_c=100/sto_prior=1.0/voter=stump,0.0959304273128509,63.2286376953125,0.01369201,0.01279091,72.54671216011047
data=moons-0_02-7-5000/delta=0.05/epoch=2000/learner=bound-sto/max_depth=None/mc_draws=100/multi=False/nb_per_attribute=8/nb_tree=100/prior=0.5/rand_n=100/risk=MC/seed=7/sigmoid_c=100/sto_prior=1.0/voter=stump,0.0213250294327735,55.80133056640625,0.0023292475,0.0030849015,443.4452471733093
data=moons-0_02-5-500/delta=0.05/epoch=2000/learner=bound-sto/max_depth=None/mc_draws=1/multi=False/nb_per_attribute=32/nb_tree=100/prior=0.5/rand_n=100/risk=MC/seed=5/sigmoid_c=100/sto_prior=1.0/voter=stump,0.2077111899852752,39.4324951171875,0.051057816,0.018676694,40.20532965660095
data=moons-0_02-9-5000/delta=0.05/epoch=2000/learner=bound-sto/max_depth=None/mc_draws=100/multi=False/nb_per_attribute=4/nb_tree=100/prior=0.5/rand_n=100/risk=MC/seed=9/sigmoid_c=100/sto_prior=1.0/voter=stump,0.0247425884008407,34.94769287109375,0.007559922,0.0056211823,350.32305574417114
data=moons-0_02-2-5000/delta=0.05/epoch=2000/learner=bound-sto/max_depth=None/mc_draws=10/multi=False/nb_per_attribute=64/nb_tree=100/prior=0.5/rand_n=100/risk=MC/seed=2/sigmoid_c=100/sto_prior=1.0/voter=stump,0.0365488156676292,138.2281494140625,0.0021543896,0.0025671113,662.3412597179413
data=moons-0_02-3-500/delta=0.05/epoch=2000/learner=bound-sto/max_depth=None/mc_draws=100/multi=False/nb_per_attribute=32/nb_tree=100/prior=0.5/rand_n=100/risk=MC/seed=3/sigmoid_c=100/sto_prior=1.0/voter=stump,0.1698485612869262,52.39239501953125,0.021228187,0.021612592,122.39731240272522
data=moons-0_02-9-5000/delta=0.05/epoch=2000/learner=bound-sto/max_depth=None/mc_draws=10/multi=False/nb_per_attribute=16/nb_tree=100/prior=0.5/rand_n=100/risk=MC/seed=9/sigmoid_c=100/sto_prior=1.0/voter=stump,0.0202701743692159,81.40625,0.00051691534,0.00066279725,330.85674810409546
data=moons-0_02-9-5000/delta=0.05/epoch=2000/learner=bound-sto/max_depth=None/mc_draws=1/multi=False/nb_per_attribute=32/nb_tree=100/prior=0.5/rand_n=100/risk=MC/seed=9/sigmoid_c=100/sto_prior=1.0/voter=stump,0.0255932193249464,103.103759765625,0.002774157,0.0022573855,283.95236253738403
data=moons-0_02-6-100/delta=0.05/epoch=2000/learner=bound-sto/max_depth=None/mc_draws=1/multi=False/nb_per_attribute=32/nb_tree=100/prior=0.5/rand_n=100/risk=MC/seed=6/sigmoid_c=100/sto_prior=1.0/voter=stump,0.4549177885055542,10.025131225585938,0.10610351,0.086695924,22.5815978050232
data=moons-0_02-6-100/delta=0.05/epoch=2000/learner=bound-sto/max_depth=None/mc_draws=10/multi=False/nb_per_attribute=32/nb_tree=100/prior=0.5/rand_n=100/risk=MC/seed=6/sigmoid_c=100/sto_prior=1.0/voter=stump,0.3899432420730591,11.295730590820312,0.15871489,0.15895197,26.68127703666687
data=moons-0_02-5-100/delta=0.05/epoch=2000/learner=bound-sto/max_depth=None/mc_draws=10/multi=False/nb_per_attribute=32/nb_tree=100/prior=0.5/rand_n=100/risk=exact/seed=5/sigmoid_c=100/sto_prior=1.0/voter=stump,0.412029892206192,20.394195556640625,0.08831688,0.06849964,78.60736322402954
data=moons-0_02-5-500/delta=0.05/epoch=2000/learner=bound-sto/max_depth=None/mc_draws=10/multi=False/nb_per_attribute=32/nb_tree=100/prior=0.5/rand_n=100/risk=MC/seed=5/sigmoid_c=100/sto_prior=1.0/voter=stump,0.1623072326183319,47.904541015625,0.024017902,0.025906142,52.24023652076721
data=moons-0_02-1-500/delta=0.05/epoch=2000/learner=bound-sto/max_depth=None/mc_draws=10/multi=False/nb_per_attribute=32/nb_tree=100/prior=0.5/rand_n=100/risk=exact/seed=1/sigmoid_c=100/sto_prior=1.0/voter=stump,0.1415624022483825,50.42529296875,0.01007908,0.010726204,227.42512774467468
data=moons-0_02-4-5000/delta=0.05/epoch=2000/learner=bound-sto/max_depth=None/mc_draws=10/multi=False/nb_per_attribute=64/nb_tree=100/prior=0.5/rand_n=100/risk=MC/seed=4/sigmoid_c=100/sto_prior=1.0/voter=stump,0.0383825749158859,139.2684326171875,0.0021299694,0.0050978353,683.88463306427
data=moons-0_02-6-500/delta=0.05/epoch=2000/learner=bound-sto/max_depth=None/mc_draws=1/multi=False/nb_per_attribute=32/nb_tree=100/prior=0.5/rand_n=100/risk=MC/seed=6/sigmoid_c=100/sto_prior=1.0/voter=stump,0.1558068245649337,37.986083984375,0.0075995307,0.0687217,40.81125259399414
data=moons-0_02-2-1000/delta=0.05/epoch=2000/learner=bound-sto/max_depth=None/mc_draws=100/multi=False/nb_per_attribute=32/nb_tree=100/prior=0.5/rand_n=100/risk=MC/seed=2/sigmoid_c=100/sto_prior=1.0/voter=stump,0.0959278494119644,68.45361328125,0.010827402,0.008678123,176.3936743736267
data=moons-0_02-5-1000/delta=0.05/epoch=2000/learner=bound-sto/max_depth=None/mc_draws=1/multi=False/nb_per_attribute=32/nb_tree=100/prior=0.5/rand_n=100/risk=MC/seed=5/sigmoid_c=100/sto_prior=1.0/voter=stump,0.1031140685081482,56.24658203125,0.018569857,0.003709539,73.19372463226318
data=moons-0_02-6-500/delta=0.05/epoch=2000/learner=bound-sto/max_depth=None/mc_draws=10/multi=False/nb_per_attribute=32/nb_tree=100/prior=0.5/rand_n=100/risk=MC/seed=6/sigmoid_c=100/sto_prior=1.0/voter=stump,0.1485142707824707,46.68743896484375,0.025337132,0.029552467,45.99950337409973
data=moons-0_02-6-100/delta=0.05/epoch=2000/learner=bound-sto/max_depth=None/mc_draws=100/multi=False/nb_per_attribute=32/nb_tree=100/prior=0.5/rand_n=100/risk=MC/seed=6/sigmoid_c=100/sto_prior=1.0/voter=stump,0.3816590905189514,11.701919555664062,0.12092143,0.119757645,53.08055686950684
data=moons-0_02-5-100/delta=0.05/epoch=2000/learner=bound-sto/max_depth=None/mc_draws=100/multi=False/nb_per_attribute=32/nb_tree=100/prior=0.5/rand_n=100/risk=MC/seed=5/sigmoid_c=100/sto_prior=1.0/voter=stump,0.4329656064510345,14.7720947265625,0.13237073,0.104740925,53.73694562911987
data=moons-0_02-7-100/delta=0.05/epoch=2000/learner=bound-sto/max_depth=None/mc_draws=10/multi=False/nb_per_attribute=32/nb_tree=100/prior=0.5/rand_n=100/risk=MC/seed=7/sigmoid_c=100/sto_prior=1.0/voter=stump,0.3522919416427612,9.854461669921877,0.09384219,0.14031513,26.99765348434448
data=moons-0_02-4-5000/delta=0.05/epoch=2000/learner=bound-sto/max_depth=None/mc_draws=100/multi=False/nb_per_attribute=16/nb_tree=100/prior=0.5/rand_n=100/risk=MC/seed=4/sigmoid_c=100/sto_prior=1.0/voter=stump,0.0238885264843702,85.2769775390625,0.0010498059,0.0011467129,706.4585106372833
data=moons-0_02-7-100/delta=0.05/epoch=2000/learner=bound-sto/max_depth=None/mc_draws=1/multi=False/nb_per_attribute=32/nb_tree=100/prior=0.5/rand_n=100/risk=MC/seed=7/sigmoid_c=100/sto_prior=1.0/voter=stump,0.264372855424881,9.64007568359375,0.056369886,0.1526182,30.93935894966125
data=moons-0_02-6-100/delta=0.05/epoch=2000/learner=bound-sto/max_depth=None/mc_draws=10/multi=False/nb_per_attribute=32/nb_tree=100/prior=0.5/rand_n=100/risk=exact/seed=6/sigmoid_c=100/sto_prior=1.0/voter=stump,0.3666751980781555,12.761077880859377,0.09928337,0.106801994,70.5099105834961
data=moons-0_02-3-5000/delta=0.05/epoch=2000/learner=bound-sto/max_depth=None/mc_draws=10/multi=False/nb_per_attribute=64/nb_tree=100/prior=0.5/rand_n=100/risk=MC/seed=3/sigmoid_c=100/sto_prior=1.0/voter=stump,0.039349541068077,134.13818359375,0.0046174834,0.0028879556,710.372065782547
data=moons-0_02-7-5000/delta=0.05/epoch=2000/learner=bound-sto/max_depth=None/mc_draws=1/multi=False/nb_per_attribute=64/nb_tree=100/prior=0.5/rand_n=100/risk=MC/seed=7/sigmoid_c=100/sto_prior=1.0/voter=stump,0.0689947009086608,133.70947265625,0.004138581,0.0022903325,457.2534680366516
data=moons-0_02-4-500/delta=0.05/epoch=2000/learner=bound-sto/max_depth=None/mc_draws=100/multi=False/nb_per_attribute=32/nb_tree=100/prior=0.5/rand_n=100/risk=MC/seed=4/sigmoid_c=100/sto_prior=1.0/voter=stump,0.1697402000427246,49.29010009765625,0.016604904,0.024972457,142.7083649635315
data=moons-0_02-9-5000/delta=0.05/epoch=2000/learner=bound-sto/max_depth=None/mc_draws=100/multi=False/nb_per_attribute=8/nb_tree=100/prior=0.5/rand_n=100/risk=MC/seed=9/sigmoid_c=100/sto_prior=1.0/voter=stump,0.018534954637289,61.978515625,0.0015520072,0.0023746071,393.7611086368561
data=moons-0_02-5-500/delta=0.05/epoch=2000/learner=bound-sto/max_depth=None/mc_draws=100/multi=False/nb_per_attribute=32/nb_tree=100/prior=0.5/rand_n=100/risk=MC/seed=5/sigmoid_c=100/sto_prior=1.0/voter=stump,0.1581704914569854,50.854736328125,0.023510067,0.020897461,102.66330075263976
data=moons-0_02-7-100/delta=0.05/epoch=2000/learner=bound-sto/max_depth=None/mc_draws=100/multi=False/nb_per_attribute=32/nb_tree=100/prior=0.5/rand_n=100/risk=MC/seed=7/sigmoid_c=100/sto_prior=1.0/voter=stump,0.3198242783546448,10.750473022460938,0.082381785,0.14754821,43.43617558479309
data=moons-0_02-3-1000/delta=0.05/epoch=2000/learner=bound-sto/max_depth=None/mc_draws=100/multi=False/nb_per_attribute=32/nb_tree=100/prior=0.5/rand_n=100/risk=MC/seed=3/sigmoid_c=100/sto_prior=1.0/voter=stump,0.1038175597786903,68.16650390625,0.009028301,0.01049516,180.38474011421204
data=moons-0_02-5-1000/delta=0.05/epoch=2000/learner=bound-sto/max_depth=None/mc_draws=10/multi=False/nb_per_attribute=32/nb_tree=100/prior=0.5/rand_n=100/risk=MC/seed=5/sigmoid_c=100/sto_prior=1.0/voter=stump,0.1368128657341003,65.8316650390625,0.015962342,0.019257698,100.82966160774232
data=moons-0_02-7-500/delta=0.05/epoch=2000/learner=bound-sto/max_depth=None/mc_draws=1/multi=False/nb_per_attribute=32/nb_tree=100/prior=0.5/rand_n=100/risk=MC/seed=7/sigmoid_c=100/sto_prior=1.0/voter=stump,0.2229564785957336,39.45602416992188,0.022102747,0.022952762,41.29267930984497
data=moons-0_02-7-100/delta=0.05/epoch=2000/learner=bound-sto/max_depth=None/mc_draws=10/multi=False/nb_per_attribute=32/nb_tree=100/prior=0.5/rand_n=100/risk=exact/seed=7/sigmoid_c=100/sto_prior=1.0/voter=stump,0.3101754486560821,10.572891235351562,0.07455565,0.1269938,61.55570435523987
data=moons-0_02-7-5000/delta=0.05/epoch=2000/learner=bound-sto/max_depth=None/mc_draws=100/multi=False/nb_per_attribute=16/nb_tree=100/prior=0.5/rand_n=100/risk=MC/seed=7/sigmoid_c=100/sto_prior=1.0/voter=stump,0.0215042978525161,82.04541015625,0.0007167503,0.0010320067,524.8840041160583
data=moons-0_02-2-500/delta=0.05/epoch=2000/learner=bound-sto/max_depth=None/mc_draws=10/multi=False/nb_per_attribute=32/nb_tree=100/prior=0.5/rand_n=100/risk=exact/seed=2/sigmoid_c=100/sto_prior=1.0/voter=stump,0.1400046497583389,49.60955810546875,0.010060423,0.011118224,236.84410119056705
data=moons-0_02-7-500/delta=0.05/epoch=2000/learner=bound-sto/max_depth=None/mc_draws=10/multi=False/nb_per_attribute=32/nb_tree=100/prior=0.5/rand_n=100/risk=MC/seed=7/sigmoid_c=100/sto_prior=1.0/voter=stump,0.1675769835710525,49.32232666015625,0.013658176,0.014697995,45.53202962875366
data=moons-0_02-8-100/delta=0.05/epoch=2000/learner=bound-sto/max_depth=None/mc_draws=10/multi=False/nb_per_attribute=32/nb_tree=100/prior=0.5/rand_n=100/risk=MC/seed=8/sigmoid_c=100/sto_prior=1.0/voter=stump,0.3433692455291748,11.2459716796875,0.0876311,0.13048883,24.286786556243896
data=moons-0_02-3-5000/delta=0.05/epoch=2000/learner=bound-sto/max_depth=None/mc_draws=100/multi=False/nb_per_attribute=16/nb_tree=100/prior=0.5/rand_n=100/risk=MC/seed=3/sigmoid_c=100/sto_prior=1.0/voter=stump,0.0223089177161455,81.1082763671875,0.0008911368,0.00095758605,748.3015689849854
data=moons-0_02-8-100/delta=0.05/epoch=2000/learner=bound-sto/max_depth=None/mc_draws=1/multi=False/nb_per_attribute=32/nb_tree=100/prior=0.5/rand_n=100/risk=MC/seed=8/sigmoid_c=100/sto_prior=1.0/voter=stump,0.429112434387207,10.434242248535156,0.20228499,0.14098379,27.3302743434906
data=moons-0_02-9-5000/delta=0.05/epoch=2000/learner=bound-sto/max_depth=None/mc_draws=10/multi=False/nb_per_attribute=32/nb_tree=100/prior=0.5/rand_n=100/risk=MC/seed=9/sigmoid_c=100/sto_prior=1.0/voter=stump,0.0352376289665699,110.182861328125,0.00080085715,0.0020690868,346.8302848339081
data=moons-0_02-0-5000/delta=0.05/epoch=2000/learner=bound-sto/max_depth=None/mc_draws=1/multi=False/nb_per_attribute=64/nb_tree=100/prior=0.5/rand_n=100/risk=MC/seed=0/sigmoid_c=100/sto_prior=1.0/voter=stump,0.0332875996828079,127.5296630859375,0.0030209678,0.009969869,752.764142036438
data=moons-0_02-4-1000/delta=0.05/epoch=2000/learner=bound-sto/max_depth=None/mc_draws=100/multi=False/nb_per_attribute=32/nb_tree=100/prior=0.5/rand_n=100/risk=MC/seed=4/sigmoid_c=100/sto_prior=1.0/voter=stump,0.1053428798913955,66.2994384765625,0.009518465,0.010018426,175.40248894691467
data=moons-0_02-6-1000/delta=0.05/epoch=2000/learner=bound-sto/max_depth=None/mc_draws=10/multi=False/nb_per_attribute=32/nb_tree=100/prior=0.5/rand_n=100/risk=MC/seed=6/sigmoid_c=100/sto_prior=1.0/voter=stump,0.1063796281814575,67.555419921875,0.0080085695,0.018049408,100.25506210327148
data=moons-0_02-5-5000/delta=0.05/epoch=2000/learner=bound-sto/max_depth=None/mc_draws=100/multi=False/nb_per_attribute=32/nb_tree=100/prior=0.5/rand_n=100/risk=MC/seed=5/sigmoid_c=100/sto_prior=1.0/voter=stump,0.0309097487479448,105.29833984375,0.0017501214,0.0014063836,1101.6700356006622
data=moons-0_02-8-100/delta=0.05/epoch=2000/learner=bound-sto/max_depth=None/mc_draws=100/multi=False/nb_per_attribute=32/nb_tree=100/prior=0.5/rand_n=100/risk=MC/seed=8/sigmoid_c=100/sto_prior=1.0/voter=stump,0.3755979239940643,11.110198974609377,0.121287934,0.12938637,43.39657235145569
data=moons-0_02-6-5000/delta=0.05/epoch=2000/learner=bound-sto/max_depth=None/mc_draws=100/multi=False/nb_per_attribute=32/nb_tree=100/prior=0.5/rand_n=100/risk=MC/seed=6/sigmoid_c=100/sto_prior=1.0/voter=stump,0.0315609499812126,106.1678466796875,0.0017204577,0.0019103969,747.1991891860962
data=moons-0_02-8-500/delta=0.05/epoch=2000/learner=bound-sto/max_depth=None/mc_draws=1/multi=False/nb_per_attribute=32/nb_tree=100/prior=0.5/rand_n=100/risk=MC/seed=8/sigmoid_c=100/sto_prior=1.0/voter=stump,0.1209415793418884,43.407073974609375,0.005441429,0.009733101,41.28399682044983
data=moons-0_02-6-1000/delta=0.05/epoch=2000/learner=bound-sto/max_depth=None/mc_draws=1/multi=False/nb_per_attribute=32/nb_tree=100/prior=0.5/rand_n=100/risk=MC/seed=6/sigmoid_c=100/sto_prior=1.0/voter=stump,0.1276912242174148,58.75494384765625,0.0030066571,0.0037680015,80.55714392662048
data=moons-0_02-7-5000/delta=0.05/epoch=2000/learner=bound-sto/max_depth=None/mc_draws=10/multi=False/nb_per_attribute=64/nb_tree=100/prior=0.5/rand_n=100/risk=MC/seed=7/sigmoid_c=100/sto_prior=1.0/voter=stump,0.0495322979986667,136.1904296875,0.0039207884,0.0032761695,549.8702168464661
data=moons-0_02-6-500/delta=0.05/epoch=2000/learner=bound-sto/max_depth=None/mc_draws=100/multi=False/nb_per_attribute=32/nb_tree=100/prior=0.5/rand_n=100/risk=MC/seed=6/sigmoid_c=100/sto_prior=1.0/voter=stump,0.162598580121994,48.9930419921875,0.018908082,0.02153075,122.6995015144348
data=moons-0_02-7-1000/delta=0.05/epoch=2000/learner=bound-sto/max_depth=None/mc_draws=1/multi=False/nb_per_attribute=32/nb_tree=100/prior=0.5/rand_n=100/risk=MC/seed=7/sigmoid_c=100/sto_prior=1.0/voter=stump,0.1143100410699844,55.71087646484375,0.0035736733,0.01551387,70.69289946556091
data=moons-0_02-9-5000/delta=0.05/epoch=2000/learner=bound-sto/max_depth=None/mc_draws=1/multi=False/nb_per_attribute=64/nb_tree=100/prior=0.5/rand_n=100/risk=MC/seed=9/sigmoid_c=100/sto_prior=1.0/voter=stump,0.0358914136886596,125.2413330078125,0.006383437,0.0017487631,434.95909237861633
data=moons-0_02-9-100/delta=0.05/epoch=2000/learner=bound-sto/max_depth=None/mc_draws=10/multi=False/nb_per_attribute=32/nb_tree=100/prior=0.5/rand_n=100/risk=MC/seed=9/sigmoid_c=100/sto_prior=1.0/voter=stump,0.382949024438858,11.004409790039062,0.13568413,0.14011036,27.20426869392395
data=moons-0_02-8-100/delta=0.05/epoch=2000/learner=bound-sto/max_depth=None/mc_draws=10/multi=False/nb_per_attribute=32/nb_tree=100/prior=0.5/rand_n=100/risk=exact/seed=8/sigmoid_c=100/sto_prior=1.0/voter=stump,0.3584715723991394,11.714935302734377,0.09997227,0.11553173,73.57237386703491
data=moons-0_02-9-100/delta=0.05/epoch=2000/learner=bound-sto/max_depth=None/mc_draws=1/multi=False/nb_per_attribute=32/nb_tree=100/prior=0.5/rand_n=100/risk=MC/seed=9/sigmoid_c=100/sto_prior=1.0/voter=stump,0.5413861870765686,10.113021850585938,0.10643199,0.17080027,34.67910480499268
data=moons-0_02-7-1000/delta=0.05/epoch=2000/learner=bound-sto/max_depth=None/mc_draws=10/multi=False/nb_per_attribute=32/nb_tree=100/prior=0.5/rand_n=100/risk=MC/seed=7/sigmoid_c=100/sto_prior=1.0/voter=stump,0.0997050628066062,63.65374755859375,0.010478599,0.005331105,88.56689691543579
data=moons-0_02-8-500/delta=0.05/epoch=2000/learner=bound-sto/max_depth=None/mc_draws=10/multi=False/nb_per_attribute=32/nb_tree=100/prior=0.5/rand_n=100/risk=MC/seed=8/sigmoid_c=100/sto_prior=1.0/voter=stump,0.1667225509881973,49.31512451171875,0.018172996,0.030867357,62.53816604614258
data=moons-0_02-8-1000/delta=0.05/epoch=2000/learner=bound-sto/max_depth=None/mc_draws=1/multi=False/nb_per_attribute=32/nb_tree=100/prior=0.5/rand_n=100/risk=MC/seed=8/sigmoid_c=100/sto_prior=1.0/voter=stump,0.0736307650804519,57.42706298828125,0.011574263,0.011739727,60.51515078544617
data=moons-0_02-9-100/delta=0.05/epoch=2000/learner=bound-sto/max_depth=None/mc_draws=100/multi=False/nb_per_attribute=32/nb_tree=100/prior=0.5/rand_n=100/risk=MC/seed=9/sigmoid_c=100/sto_prior=1.0/voter=stump,0.3993899226188659,11.813705444335938,0.1260163,0.11610536,43.14019560813904
data=moons-0_02-9-500/delta=0.05/epoch=2000/learner=bound-sto/max_depth=None/mc_draws=10/multi=False/nb_per_attribute=32/nb_tree=100/prior=0.5/rand_n=100/risk=MC/seed=9/sigmoid_c=100/sto_prior=1.0/voter=stump,0.1916185617446899,49.042236328125,0.034093536,0.02467736,46.20196533203125
data=moons-0_02-8-1000/delta=0.05/epoch=2000/learner=bound-sto/max_depth=None/mc_draws=10/multi=False/nb_per_attribute=32/nb_tree=100/prior=0.5/rand_n=100/risk=MC/seed=8/sigmoid_c=100/sto_prior=1.0/voter=stump,0.1336220204830169,64.6751708984375,0.0071453876,0.01107542,75.8814651966095
data=moons-0_02-9-500/delta=0.05/epoch=2000/learner=bound-sto/max_depth=None/mc_draws=1/multi=False/nb_per_attribute=32/nb_tree=100/prior=0.5/rand_n=100/risk=MC/seed=9/sigmoid_c=100/sto_prior=1.0/voter=stump,0.1180250197649002,36.591156005859375,0.052286025,0.056895617,52.00042653083801
data=moons-0_02-7-500/delta=0.05/epoch=2000/learner=bound-sto/max_depth=None/mc_draws=100/multi=False/nb_per_attribute=32/nb_tree=100/prior=0.5/rand_n=100/risk=MC/seed=7/sigmoid_c=100/sto_prior=1.0/voter=stump,0.1650447994470596,51.1241455078125,0.017800711,0.019930707,119.86233925819396
data=moons-0_02-3-500/delta=0.05/epoch=2000/learner=bound-sto/max_depth=None/mc_draws=10/multi=False/nb_per_attribute=32/nb_tree=100/prior=0.5/rand_n=100/risk=exact/seed=3/sigmoid_c=100/sto_prior=1.0/voter=stump,0.1422137022018432,51.00482177734375,0.009916841,0.009794453,288.48860239982605
data=moons-0_02-5-5000/delta=0.05/epoch=2000/learner=bound-sto/max_depth=None/mc_draws=1/multi=False/nb_per_attribute=128/nb_tree=100/prior=0.5/rand_n=100/risk=MC/seed=5/sigmoid_c=100/sto_prior=1.0/voter=stump,0.0462710969150066,166.539794921875,0.003853427,0.004499133,826.5652766227722
data=moons-0_02-9-100/delta=0.05/epoch=2000/learner=bound-sto/max_depth=None/mc_draws=10/multi=False/nb_per_attribute=32/nb_tree=100/prior=0.5/rand_n=100/risk=exact/seed=9/sigmoid_c=100/sto_prior=1.0/voter=stump,0.3861840367317199,13.671432495117188,0.10749292,0.099493206,74.04267501831055
data=moons-0_02-9-1000/delta=0.05/epoch=2000/learner=bound-sto/max_depth=None/mc_draws=1/multi=False/nb_per_attribute=32/nb_tree=100/prior=0.5/rand_n=100/risk=MC/seed=9/sigmoid_c=100/sto_prior=1.0/voter=stump,0.0740657821297645,59.741943359375,0.008347866,0.00552856,60.32848691940308
data=moons-0_02-6-5000/delta=0.05/epoch=2000/learner=bound-sto/max_depth=None/mc_draws=1/multi=False/nb_per_attribute=128/nb_tree=100/prior=0.5/rand_n=100/risk=MC/seed=6/sigmoid_c=100/sto_prior=1.0/voter=stump,0.05867924913764,165.561767578125,0.0037534058,0.0064605204,839.1272518634796
data=moons-0_02-8-500/delta=0.05/epoch=2000/learner=bound-sto/max_depth=None/mc_draws=100/multi=False/nb_per_attribute=32/nb_tree=100/prior=0.5/rand_n=100/risk=MC/seed=8/sigmoid_c=100/sto_prior=1.0/voter=stump,0.168640911579132,53.02069091796875,0.018155884,0.017255185,104.39285397529602
data=moons-0_02-5-500/delta=0.05/epoch=2000/learner=bound-sto/max_depth=None/mc_draws=10/multi=False/nb_per_attribute=32/nb_tree=100/prior=0.5/rand_n=100/risk=exact/seed=5/sigmoid_c=100/sto_prior=1.0/voter=stump,0.1395007818937301,49.42041015625,0.010000817,0.011446531,237.8508424758911
data=moons-0_02-5-1000/delta=0.05/epoch=2000/learner=bound-sto/max_depth=None/mc_draws=100/multi=False/nb_per_attribute=32/nb_tree=100/prior=0.5/rand_n=100/risk=MC/seed=5/sigmoid_c=100/sto_prior=1.0/voter=stump,0.1042513102293014,69.1129150390625,0.008690552,0.007962935,224.92985081672668
data=moons-0_02-9-1000/delta=0.05/epoch=2000/learner=bound-sto/max_depth=None/mc_draws=10/multi=False/nb_per_attribute=32/nb_tree=100/prior=0.5/rand_n=100/risk=MC/seed=9/sigmoid_c=100/sto_prior=1.0/voter=stump,0.1026776731014251,65.8743896484375,0.012984317,0.00845809,91.24890804290771
data=moons-0_02-9-500/delta=0.05/epoch=2000/learner=bound-sto/max_depth=None/mc_draws=100/multi=False/nb_per_attribute=32/nb_tree=100/prior=0.5/rand_n=100/risk=MC/seed=9/sigmoid_c=100/sto_prior=1.0/voter=stump,0.1762263923883438,50.5897216796875,0.022702157,0.023015361,100.69059824943542
data=moons-0_02-8-5000/delta=0.05/epoch=2000/learner=bound-sto/max_depth=None/mc_draws=10/multi=False/nb_per_attribute=64/nb_tree=100/prior=0.5/rand_n=100/risk=MC/seed=8/sigmoid_c=100/sto_prior=1.0/voter=stump,0.0375904515385627,136.5794677734375,0.0027880631,0.0029134497,616.780047416687
data=moons-0_02-6-1000/delta=0.05/epoch=2000/learner=bound-sto/max_depth=None/mc_draws=100/multi=False/nb_per_attribute=32/nb_tree=100/prior=0.5/rand_n=100/risk=MC/seed=6/sigmoid_c=100/sto_prior=1.0/voter=stump,0.0979417264461517,69.9490966796875,0.008860715,0.0059706992,216.3860394954681
data=moons-0_02-6-500/delta=0.05/epoch=2000/learner=bound-sto/max_depth=None/mc_draws=10/multi=False/nb_per_attribute=32/nb_tree=100/prior=0.5/rand_n=100/risk=exact/seed=6/sigmoid_c=100/sto_prior=1.0/voter=stump,0.1391437947750091,48.5758056640625,0.0104752425,0.012334886,236.6123852729797
data=moons-0_02-0-5000/delta=0.05/epoch=2000/learner=bound-sto/max_depth=None/mc_draws=10/multi=False/nb_per_attribute=64/nb_tree=100/prior=0.5/rand_n=100/risk=MC/seed=0/sigmoid_c=100/sto_prior=1.0/voter=stump,0.0488677769899368,134.7471923828125,0.0045661405,0.005671134,890.9260275363922
data=moons-0_02-4-500/delta=0.05/epoch=2000/learner=bound-sto/max_depth=None/mc_draws=10/multi=False/nb_per_attribute=32/nb_tree=100/prior=0.5/rand_n=100/risk=exact/seed=4/sigmoid_c=100/sto_prior=1.0/voter=stump,0.1396758556365966,48.7794189453125,0.010535584,0.01172941,309.99262714385986
data=moons-0_02-9-5000/delta=0.05/epoch=2000/learner=bound-sto/max_depth=None/mc_draws=10/multi=False/nb_per_attribute=64/nb_tree=100/prior=0.5/rand_n=100/risk=MC/seed=9/sigmoid_c=100/sto_prior=1.0/voter=stump,0.038014717400074,138.28564453125,0.002687403,0.0028223493,550.070784330368
data=moons-0_02-1-1000/delta=0.05/epoch=2000/learner=bound-sto/max_depth=None/mc_draws=10/multi=False/nb_per_attribute=32/nb_tree=100/prior=0.5/rand_n=100/risk=exact/seed=1/sigmoid_c=100/sto_prior=1.0/voter=stump,0.0823566168546676,61.919677734375,0.0041454257,0.004729039,453.438029050827
data=moons-0_02-8-1000/delta=0.05/epoch=2000/learner=bound-sto/max_depth=None/mc_draws=100/multi=False/nb_per_attribute=32/nb_tree=100/prior=0.5/rand_n=100/risk=MC/seed=8/sigmoid_c=100/sto_prior=1.0/voter=stump,0.1034247800707817,68.1011962890625,0.009215673,0.010062395,178.42322421073914
data=moons-0_02-7-1000/delta=0.05/epoch=2000/learner=bound-sto/max_depth=None/mc_draws=100/multi=False/nb_per_attribute=32/nb_tree=100/prior=0.5/rand_n=100/risk=MC/seed=7/sigmoid_c=100/sto_prior=1.0/voter=stump,0.1011425107717514,66.49853515625,0.009728138,0.010679086,216.7201898097992
data=moons-0_02-0-5000/delta=0.05/epoch=2000/learner=bound-sto/max_depth=None/mc_draws=100/multi=False/nb_per_attribute=32/nb_tree=100/prior=0.5/rand_n=100/risk=MC/seed=0/sigmoid_c=100/sto_prior=1.0/voter=stump,0.0300192609429359,107.749755859375,0.0016407194,0.0018580137,966.578093767166
data=moons-0_02-8-500/delta=0.05/epoch=2000/learner=bound-sto/max_depth=None/mc_draws=10/multi=False/nb_per_attribute=32/nb_tree=100/prior=0.5/rand_n=100/risk=exact/seed=8/sigmoid_c=100/sto_prior=1.0/voter=stump,0.1419178396463394,50.96136474609375,0.009833564,0.010031012,228.9720194339752
data=moons-0_02-9-5000/delta=0.05/epoch=2000/learner=bound-sto/max_depth=None/mc_draws=100/multi=False/nb_per_attribute=16/nb_tree=100/prior=0.5/rand_n=100/risk=MC/seed=9/sigmoid_c=100/sto_prior=1.0/voter=stump,0.0234080720692873,88.279052734375,0.0013301133,0.0010559101,634.9081001281738
data=moons-0_02-2-5000/delta=0.05/epoch=2000/learner=bound-sto/max_depth=None/mc_draws=100/multi=False/nb_per_attribute=32/nb_tree=100/prior=0.5/rand_n=100/risk=MC/seed=2/sigmoid_c=100/sto_prior=1.0/voter=stump,0.0303707346320152,107.5667724609375,0.002465539,0.0019195835,748.2726888656616
data=moons-0_02-7-500/delta=0.05/epoch=2000/learner=bound-sto/max_depth=None/mc_draws=10/multi=False/nb_per_attribute=32/nb_tree=100/prior=0.5/rand_n=100/risk=exact/seed=7/sigmoid_c=100/sto_prior=1.0/voter=stump,0.1413521915674209,50.51458740234375,0.009933583,0.010253015,284.3928370475769
data=moons-0_02-8-5000/delta=0.05/epoch=2000/learner=bound-sto/max_depth=None/mc_draws=100/multi=False/nb_per_attribute=16/nb_tree=100/prior=0.5/rand_n=100/risk=MC/seed=8/sigmoid_c=100/sto_prior=1.0/voter=stump,0.021555995568633,81.6483154296875,0.0013489425,0.0009644117,731.2254703044891
data=moons-0_02-9-1000/delta=0.05/epoch=2000/learner=bound-sto/max_depth=None/mc_draws=100/multi=False/nb_per_attribute=32/nb_tree=100/prior=0.5/rand_n=100/risk=MC/seed=9/sigmoid_c=100/sto_prior=1.0/voter=stump,0.1059297695755958,68.8115234375,0.0076980786,0.009614659,205.55002689361567
data=moons-0_02-7-5000/delta=0.05/epoch=2000/learner=bound-sto/max_depth=None/mc_draws=100/multi=False/nb_per_attribute=32/nb_tree=100/prior=0.5/rand_n=100/risk=MC/seed=7/sigmoid_c=100/sto_prior=1.0/voter=stump,0.0315326489508152,109.760498046875,0.002166834,0.0016878664,1078.9217092990875
data=moons-0_02-1-5000/delta=0.05/epoch=2000/learner=bound-sto/max_depth=None/mc_draws=100/multi=False/nb_per_attribute=32/nb_tree=100/prior=0.5/rand_n=100/risk=MC/seed=1/sigmoid_c=100/sto_prior=1.0/voter=stump,0.0326585359871387,106.78662109375,0.00310577,0.0025112594,1080.098585605621
data=moons-0_02-9-500/delta=0.05/epoch=2000/learner=bound-sto/max_depth=None/mc_draws=10/multi=False/nb_per_attribute=32/nb_tree=100/prior=0.5/rand_n=100/risk=exact/seed=9/sigmoid_c=100/sto_prior=1.0/voter=stump,0.1423020362854004,50.13262939453125,0.010580168,0.010429362,226.6380693912506
data=moons-0_02-2-1000/delta=0.05/epoch=2000/learner=bound-sto/max_depth=None/mc_draws=10/multi=False/nb_per_attribute=32/nb_tree=100/prior=0.5/rand_n=100/risk=exact/seed=2/sigmoid_c=100/sto_prior=1.0/voter=stump,0.0820746123790741,62.215576171875,0.00395527,0.0043288823,488.8499310016632
data=moons-0_02-3-1000/delta=0.05/epoch=2000/learner=bound-sto/max_depth=None/mc_draws=10/multi=False/nb_per_attribute=32/nb_tree=100/prior=0.5/rand_n=100/risk=exact/seed=3/sigmoid_c=100/sto_prior=1.0/voter=stump,0.0820643231272697,61.7838134765625,0.004091236,0.004484776,463.57907462120056
data=moons-0_02-0-1000/delta=0.05/epoch=2000/learner=bound-sto/max_depth=None/mc_draws=10/multi=False/nb_per_attribute=32/nb_tree=100/prior=0.5/rand_n=100/risk=exact/seed=0/sigmoid_c=100/sto_prior=1.0/voter=stump,0.0821544378995895,62.1597900390625,0.003999829,0.003992792,601.7506227493286
data=moons-0_02-4-1000/delta=0.05/epoch=2000/learner=bound-sto/max_depth=None/mc_draws=10/multi=False/nb_per_attribute=32/nb_tree=100/prior=0.5/rand_n=100/risk=exact/seed=4/sigmoid_c=100/sto_prior=1.0/voter=stump,0.0809764564037323,60.1422119140625,0.004260892,0.005335307,489.0842835903168
data=moons-0_02-6-1000/delta=0.05/epoch=2000/learner=bound-sto/max_depth=None/mc_draws=10/multi=False/nb_per_attribute=32/nb_tree=100/prior=0.5/rand_n=100/risk=exact/seed=6/sigmoid_c=100/sto_prior=1.0/voter=stump,0.0831563025712966,63.01416015625,0.00405929,0.003487018,445.7865614891052
data=moons-0_02-5-5000/delta=0.05/epoch=2000/learner=bound-sto/max_depth=None/mc_draws=10/multi=False/nb_per_attribute=128/nb_tree=100/prior=0.5/rand_n=100/risk=MC/seed=5/sigmoid_c=100/sto_prior=1.0/voter=stump,0.0529751256108284,171.56884765625,0.0056270044,0.0070777033,1116.4036564826963
data=moons-0_02-6-5000/delta=0.05/epoch=2000/learner=bound-sto/max_depth=None/mc_draws=10/multi=False/nb_per_attribute=128/nb_tree=100/prior=0.5/rand_n=100/risk=MC/seed=6/sigmoid_c=100/sto_prior=1.0/voter=stump,0.0549289472401142,174.363037109375,0.0064529944,0.009688489,1131.030618429184
data=moons-0_02-4-5000/delta=0.05/epoch=2000/learner=bound-sto/max_depth=None/mc_draws=100/multi=False/nb_per_attribute=32/nb_tree=100/prior=0.5/rand_n=100/risk=MC/seed=4/sigmoid_c=100/sto_prior=1.0/voter=stump,0.0296861510723829,107.3935546875,0.0015993055,0.0020182172,1060.7831740379331
data=moons-0_02-7-1000/delta=0.05/epoch=2000/learner=bound-sto/max_depth=None/mc_draws=10/multi=False/nb_per_attribute=32/nb_tree=100/prior=0.5/rand_n=100/risk=exact/seed=7/sigmoid_c=100/sto_prior=1.0/voter=stump,0.0814754068851471,60.8184814453125,0.004207665,0.0049138325,454.03986644744873
data=moons-0_02-5-1000/delta=0.05/epoch=2000/learner=bound-sto/max_depth=None/mc_draws=10/multi=False/nb_per_attribute=32/nb_tree=100/prior=0.5/rand_n=100/risk=exact/seed=5/sigmoid_c=100/sto_prior=1.0/voter=stump,0.0826708078384399,62.4254150390625,0.004086863,0.003918396,552.8480896949768
data=moons-0_02-3-5000/delta=0.05/epoch=2000/learner=bound-sto/max_depth=None/mc_draws=100/multi=False/nb_per_attribute=32/nb_tree=100/prior=0.5/rand_n=100/risk=MC/seed=3/sigmoid_c=100/sto_prior=1.0/voter=stump,0.032205794006586,106.9857177734375,0.0015997572,0.0014309266,1060.873613357544
data=moons-0_02-1-5000/delta=0.05/epoch=2000/learner=bound-sto/max_depth=None/mc_draws=1/multi=False/nb_per_attribute=128/nb_tree=100/prior=0.5/rand_n=100/risk=MC/seed=1/sigmoid_c=100/sto_prior=1.0/voter=stump,0.0463961958885192,166.8505859375,0.0027637046,0.004457055,1203.8528475761414
data=moons-0_02-9-1000/delta=0.05/epoch=2000/learner=bound-sto/max_depth=None/mc_draws=10/multi=False/nb_per_attribute=32/nb_tree=100/prior=0.5/rand_n=100/risk=exact/seed=9/sigmoid_c=100/sto_prior=1.0/voter=stump,0.0822347700595855,62.1748046875,0.0040218276,0.004105423,443.80867743492126
data=moons-0_02-8-1000/delta=0.05/epoch=2000/learner=bound-sto/max_depth=None/mc_draws=10/multi=False/nb_per_attribute=32/nb_tree=100/prior=0.5/rand_n=100/risk=exact/seed=8/sigmoid_c=100/sto_prior=1.0/voter=stump,0.0825266242027282,62.0831298828125,0.004149498,0.004214633,485.8046078681946
data=moons-0_02-5-5000/delta=0.05/epoch=2000/learner=bound-sto/max_depth=None/mc_draws=100/multi=False/nb_per_attribute=64/nb_tree=100/prior=0.5/rand_n=100/risk=MC/seed=5/sigmoid_c=100/sto_prior=1.0/voter=stump,0.0392961762845516,138.9658203125,0.0024534066,0.0026439347,1273.6057205200195
data=moons-0_02-6-5000/delta=0.05/epoch=2000/learner=bound-sto/max_depth=None/mc_draws=100/multi=False/nb_per_attribute=64/nb_tree=100/prior=0.5/rand_n=100/risk=MC/seed=6/sigmoid_c=100/sto_prior=1.0/voter=stump,0.0407682321965694,138.443115234375,0.0038089722,0.0035851835,1300.358672618866
data=moons-0_02-1-5000/delta=0.05/epoch=2000/learner=bound-sto/max_depth=None/mc_draws=10/multi=False/nb_per_attribute=128/nb_tree=100/prior=0.5/rand_n=100/risk=MC/seed=1/sigmoid_c=100/sto_prior=1.0/voter=stump,0.0550370663404464,174.60546875,0.00470802,0.0060233874,1387.964024066925
data=moons-0_02-8-5000/delta=0.05/epoch=2000/learner=bound-sto/max_depth=None/mc_draws=100/multi=False/nb_per_attribute=32/nb_tree=100/prior=0.5/rand_n=100/risk=MC/seed=8/sigmoid_c=100/sto_prior=1.0/voter=stump,0.0308950189501047,107.422607421875,0.0018418262,0.0019407689,1054.4046459197998
data=moons-0_02-8-5000/delta=0.05/epoch=2000/learner=bound-sto/max_depth=None/mc_draws=1/multi=False/nb_per_attribute=128/nb_tree=100/prior=0.5/rand_n=100/risk=MC/seed=8/sigmoid_c=100/sto_prior=1.0/voter=stump,0.0541627220809459,167.7666015625,0.007191505,0.003588063,1131.2935690879822
data=moons-0_02-4-5000/delta=0.05/epoch=2000/learner=bound-sto/max_depth=None/mc_draws=1/multi=False/nb_per_attribute=128/nb_tree=100/prior=0.5/rand_n=100/risk=MC/seed=4/sigmoid_c=100/sto_prior=1.0/voter=stump,0.0443542525172233,171.06494140625,0.0066215126,0.012820497,1410.0874483585358
data=moons-0_02-7-5000/delta=0.05/epoch=2000/learner=bound-sto/max_depth=None/mc_draws=1/multi=False/nb_per_attribute=128/nb_tree=100/prior=0.5/rand_n=100/risk=MC/seed=7/sigmoid_c=100/sto_prior=1.0/voter=stump,0.052148412913084,161.9871826171875,0.002492606,0.0040949835,1188.4743087291718
data=moons-0_02-2-5000/delta=0.05/epoch=2000/learner=bound-sto/max_depth=None/mc_draws=1/multi=False/nb_per_attribute=128/nb_tree=100/prior=0.5/rand_n=100/risk=MC/seed=2/sigmoid_c=100/sto_prior=1.0/voter=stump,0.0584367141127586,164.99169921875,0.0050768303,0.003102277,1435.4648270606997
data=moons-0_02-9-5000/delta=0.05/epoch=2000/learner=bound-sto/max_depth=None/mc_draws=100/multi=False/nb_per_attribute=32/nb_tree=100/prior=0.5/rand_n=100/risk=MC/seed=9/sigmoid_c=100/sto_prior=1.0/voter=stump,0.0308333002030849,105.1224365234375,0.0028256504,0.0015346145,967.9491448402404
data=moons-0_02-3-5000/delta=0.05/epoch=2000/learner=bound-sto/max_depth=None/mc_draws=1/multi=False/nb_per_attribute=128/nb_tree=100/prior=0.5/rand_n=100/risk=MC/seed=3/sigmoid_c=100/sto_prior=1.0/voter=stump,0.0645941421389579,168.2132568359375,0.02020777,0.0034876452,1500.7870922088623
data=moons-0_02-7-5000/delta=0.05/epoch=2000/learner=bound-sto/max_depth=None/mc_draws=10/multi=False/nb_per_attribute=128/nb_tree=100/prior=0.5/rand_n=100/risk=MC/seed=7/sigmoid_c=100/sto_prior=1.0/voter=stump,0.0524516627192497,175.12060546875,0.0052234554,0.0036725062,1321.2959580421448
data=moons-0_02-8-5000/delta=0.05/epoch=2000/learner=bound-sto/max_depth=None/mc_draws=10/multi=False/nb_per_attribute=128/nb_tree=100/prior=0.5/rand_n=100/risk=MC/seed=8/sigmoid_c=100/sto_prior=1.0/voter=stump,0.0615864992141723,175.359375,0.008599746,0.0060521225,1317.3257644176483
data=moons-0_02-4-5000/delta=0.05/epoch=2000/learner=bound-sto/max_depth=None/mc_draws=10/multi=False/nb_per_attribute=128/nb_tree=100/prior=0.5/rand_n=100/risk=MC/seed=4/sigmoid_c=100/sto_prior=1.0/voter=stump,0.0556427761912345,173.681884765625,0.0059624338,0.005042349,1620.902568101883
data=moons-0_02-0-5000/delta=0.05/epoch=2000/learner=bound-sto/max_depth=None/mc_draws=1/multi=False/nb_per_attribute=128/nb_tree=100/prior=0.5/rand_n=100/risk=MC/seed=0/sigmoid_c=100/sto_prior=1.0/voter=stump,0.0483463294804096,160.0225830078125,0.007144718,0.008371764,1662.355749130249
data=moons-0_02-3-5000/delta=0.05/epoch=2000/learner=bound-sto/max_depth=None/mc_draws=10/multi=False/nb_per_attribute=128/nb_tree=100/prior=0.5/rand_n=100/risk=MC/seed=3/sigmoid_c=100/sto_prior=1.0/voter=stump,0.0537079721689224,174.23681640625,0.004575955,0.006690596,1674.0146143436432
data=moons-0_02-2-5000/delta=0.05/epoch=2000/learner=bound-sto/max_depth=None/mc_draws=10/multi=False/nb_per_attribute=128/nb_tree=100/prior=0.5/rand_n=100/risk=MC/seed=2/sigmoid_c=100/sto_prior=1.0/voter=stump,0.0574587062001228,174.636962890625,0.009567381,0.0045360094,1693.133803606033
data=moons-0_02-1-5000/delta=0.05/epoch=2000/learner=bound-sto/max_depth=None/mc_draws=100/multi=False/nb_per_attribute=64/nb_tree=100/prior=0.5/rand_n=100/risk=MC/seed=1/sigmoid_c=100/sto_prior=1.0/voter=stump,0.0402665957808494,138.8232421875,0.0031219523,0.0031322741,1743.8036229610443
data=moons-0_02-0-5000/delta=0.05/epoch=2000/learner=bound-sto/max_depth=None/mc_draws=10/multi=False/nb_per_attribute=128/nb_tree=100/prior=0.5/rand_n=100/risk=MC/seed=0/sigmoid_c=100/sto_prior=1.0/voter=stump,0.0555112995207309,175.98828125,0.0067318627,0.0069831247,1892.8132362365725
data=moons-0_02-9-5000/delta=0.05/epoch=2000/learner=bound-sto/max_depth=None/mc_draws=1/multi=False/nb_per_attribute=128/nb_tree=100/prior=0.5/rand_n=100/risk=MC/seed=9/sigmoid_c=100/sto_prior=1.0/voter=stump,0.0464477352797985,164.4376220703125,0.0021223214,0.0032365853,1537.7379784584043
data=moons-0_02-4-5000/delta=0.05/epoch=2000/learner=bound-sto/max_depth=None/mc_draws=100/multi=False/nb_per_attribute=64/nb_tree=100/prior=0.5/rand_n=100/risk=MC/seed=4/sigmoid_c=100/sto_prior=1.0/voter=stump,0.0406721718609333,140.1923828125,0.003616986,0.003294073,1950.170747756958
data=moons-0_02-8-5000/delta=0.05/epoch=2000/learner=bound-sto/max_depth=None/mc_draws=100/multi=False/nb_per_attribute=64/nb_tree=100/prior=0.5/rand_n=100/risk=MC/seed=8/sigmoid_c=100/sto_prior=1.0/voter=stump,0.0388768464326858,138.754150390625,0.0035860264,0.0026312897,1709.6416902542114
data=moons-0_02-2-5000/delta=0.05/epoch=2000/learner=bound-sto/max_depth=None/mc_draws=100/multi=False/nb_per_attribute=64/nb_tree=100/prior=0.5/rand_n=100/risk=MC/seed=2/sigmoid_c=100/sto_prior=1.0/voter=stump,0.0404151231050491,139.802490234375,0.0030564475,0.0036869773,1977.7360708713527
data=moons-0_02-9-5000/delta=0.05/epoch=2000/learner=bound-sto/max_depth=None/mc_draws=10/multi=False/nb_per_attribute=128/nb_tree=100/prior=0.5/rand_n=100/risk=MC/seed=9/sigmoid_c=100/sto_prior=1.0/voter=stump,0.0593977570533752,176.65771484375,0.0069431197,0.004633607,1604.7004709243774
data=moons-0_02-3-5000/delta=0.05/epoch=2000/learner=bound-sto/max_depth=None/mc_draws=100/multi=False/nb_per_attribute=64/nb_tree=100/prior=0.5/rand_n=100/risk=MC/seed=3/sigmoid_c=100/sto_prior=1.0/voter=stump,0.0396438837051391,137.68212890625,0.0028237442,0.0034901928,2000.256942033768
data=moons-0_02-7-5000/delta=0.05/epoch=2000/learner=bound-sto/max_depth=None/mc_draws=100/multi=False/nb_per_attribute=64/nb_tree=100/prior=0.5/rand_n=100/risk=MC/seed=7/sigmoid_c=100/sto_prior=1.0/voter=stump,0.0385668650269508,138.558837890625,0.0029853552,0.0031833693,1841.7768828868864
data=moons-0_02-0-5000/delta=0.05/epoch=2000/learner=bound-sto/max_depth=None/mc_draws=100/multi=False/nb_per_attribute=64/nb_tree=100/prior=0.5/rand_n=100/risk=MC/seed=0/sigmoid_c=100/sto_prior=1.0/voter=stump,0.0385357141494751,139.440185546875,0.0031588236,0.0038919232,2123.8474531173706
data=moons-0_02-9-5000/delta=0.05/epoch=2000/learner=bound-sto/max_depth=None/mc_draws=100/multi=False/nb_per_attribute=64/nb_tree=100/prior=0.5/rand_n=100/risk=MC/seed=9/sigmoid_c=100/sto_prior=1.0/voter=stump,0.039760336279869,139.21923828125,0.0030442798,0.0030109482,1814.1956124305725
data=moons-0_02-5-5000/delta=0.05/epoch=2000/learner=bound-sto/max_depth=None/mc_draws=100/multi=False/nb_per_attribute=128/nb_tree=100/prior=0.5/rand_n=100/risk=MC/seed=5/sigmoid_c=100/sto_prior=1.0/voter=stump,0.0563570857048034,178.681640625,0.0059018787,0.0060286913,2680.0320959091187
data=moons-0_02-6-5000/delta=0.05/epoch=2000/learner=bound-sto/max_depth=None/mc_draws=100/multi=False/nb_per_attribute=128/nb_tree=100/prior=0.5/rand_n=100/risk=MC/seed=6/sigmoid_c=100/sto_prior=1.0/voter=stump,0.0551159419119358,178.173828125,0.005477333,0.0073106545,2721.570996284485
data=moons-0_02-5-5000/delta=0.05/epoch=2000/learner=bound-sto/max_depth=None/mc_draws=10/multi=False/nb_per_attribute=8/nb_tree=100/prior=0.5/rand_n=100/risk=exact/seed=5/sigmoid_c=100/sto_prior=1.0/voter=stump,0.0141975823789834,52.47344970703125,0.00051045296,0.0005872507,2830.4131138324738
data=moons-0_02-6-5000/delta=0.05/epoch=2000/learner=bound-sto/max_depth=None/mc_draws=10/multi=False/nb_per_attribute=2/nb_tree=100/prior=0.5/rand_n=100/risk=exact/seed=6/sigmoid_c=100/sto_prior=1.0/voter=stump,0.1143913492560386,9.750350952148438,0.08855435,0.0938217,2846.8719987869263
data=moons-0_02-5-5000/delta=0.05/epoch=2000/learner=bound-sto/max_depth=None/mc_draws=10/multi=False/nb_per_attribute=16/nb_tree=100/prior=0.5/rand_n=100/risk=exact/seed=5/sigmoid_c=100/sto_prior=1.0/voter=stump,0.0176889654248952,72.64849853515625,0.0003497303,0.0003827603,2849.655568599701
data=moons-0_02-6-5000/delta=0.05/epoch=2000/learner=bound-sto/max_depth=None/mc_draws=10/multi=False/nb_per_attribute=16/nb_tree=100/prior=0.5/rand_n=100/risk=exact/seed=6/sigmoid_c=100/sto_prior=1.0/voter=stump,0.0188770461827516,78.19232177734375,0.00036940203,0.00037231296,2874.939804315567
data=moons-0_02-6-5000/delta=0.05/epoch=2000/learner=bound-sto/max_depth=None/mc_draws=10/multi=False/nb_per_attribute=8/nb_tree=100/prior=0.5/rand_n=100/risk=exact/seed=6/sigmoid_c=100/sto_prior=1.0/voter=stump,0.0307629536837339,44.65228271484375,0.0093438765,0.011694158,2882.607498884201
data=moons-0_02-6-5000/delta=0.05/epoch=2000/learner=bound-sto/max_depth=None/mc_draws=10/multi=False/nb_per_attribute=4/nb_tree=100/prior=0.5/rand_n=100/risk=exact/seed=6/sigmoid_c=100/sto_prior=1.0/voter=stump,0.1208255439996719,14.997238159179688,0.09080961,0.097753674,2899.8446724414825
data=moons-0_02-5-5000/delta=0.05/epoch=2000/learner=bound-sto/max_depth=None/mc_draws=10/multi=False/nb_per_attribute=32/nb_tree=100/prior=0.5/rand_n=100/risk=exact/seed=5/sigmoid_c=100/sto_prior=1.0/voter=stump,0.0219760574400424,88.9503173828125,0.00061883905,0.0005898182,3174.940576076508
data=moons-0_02-6-5000/delta=0.05/epoch=2000/learner=bound-sto/max_depth=None/mc_draws=10/multi=False/nb_per_attribute=32/nb_tree=100/prior=0.5/rand_n=100/risk=exact/seed=6/sigmoid_c=100/sto_prior=1.0/voter=stump,0.0214524120092391,86.8177490234375,0.0005927812,0.00062004005,3282.7157578468323
data=moons-0_02-5-5000/delta=0.05/epoch=2000/learner=bound-sto/max_depth=None/mc_draws=10/multi=False/nb_per_attribute=64/nb_tree=100/prior=0.5/rand_n=100/risk=exact/seed=5/sigmoid_c=100/sto_prior=1.0/voter=stump,0.0267841983586549,106.4505615234375,0.0009865577,0.00095109944,2980.3400185108185
data=moons-0_02-6-5000/delta=0.05/epoch=2000/learner=bound-sto/max_depth=None/mc_draws=10/multi=False/nb_per_attribute=64/nb_tree=100/prior=0.5/rand_n=100/risk=exact/seed=6/sigmoid_c=100/sto_prior=1.0/voter=stump,0.0268035735934972,106.5250244140625,0.0009878454,0.0010494296,2991.070248126984
data=moons-0_02-7-5000/delta=0.05/epoch=2000/learner=bound-sto/max_depth=None/mc_draws=10/multi=False/nb_per_attribute=2/nb_tree=100/prior=0.5/rand_n=100/risk=exact/seed=7/sigmoid_c=100/sto_prior=1.0/voter=stump,0.1150409802794456,8.79754638671875,0.0898174,0.08857085,2847.0904080867767
data=moons-0_02-1-5000/delta=0.05/epoch=2000/learner=bound-sto/max_depth=None/mc_draws=10/multi=False/nb_per_attribute=4/nb_tree=100/prior=0.5/rand_n=100/risk=exact/seed=1/sigmoid_c=100/sto_prior=1.0/voter=stump,0.0318650789558887,32.3089599609375,0.012301709,0.010128366,3054.4320731163025
data=moons-0_02-1-5000/delta=0.05/epoch=2000/learner=bound-sto/max_depth=None/mc_draws=10/multi=False/nb_per_attribute=2/nb_tree=100/prior=0.5/rand_n=100/risk=exact/seed=1/sigmoid_c=100/sto_prior=1.0/voter=stump,0.1145855039358139,9.26154327392578,0.08907445,0.10113856,3079.57865524292
data=moons-0_02-1-5000/delta=0.05/epoch=2000/learner=bound-sto/max_depth=None/mc_draws=10/multi=False/nb_per_attribute=8/nb_tree=100/prior=0.5/rand_n=100/risk=exact/seed=1/sigmoid_c=100/sto_prior=1.0/voter=stump,0.0130633162334561,53.31280517578125,0.00016702406,0.00037224207,3088.530237197876
data=moons-0_02-2-5000/delta=0.05/epoch=2000/learner=bound-sto/max_depth=None/mc_draws=10/multi=False/nb_per_attribute=2/nb_tree=100/prior=0.5/rand_n=100/risk=exact/seed=2/sigmoid_c=100/sto_prior=1.0/voter=stump,0.1162571310997009,8.452323913574219,0.09116433,0.08178888,3146.990207195282
data=moons-0_02-2-5000/delta=0.05/epoch=2000/learner=bound-sto/max_depth=None/mc_draws=10/multi=False/nb_per_attribute=16/nb_tree=100/prior=0.5/rand_n=100/risk=exact/seed=2/sigmoid_c=100/sto_prior=1.0/voter=stump,0.018262518569827,75.1640625,0.00036734992,0.00034732636,3155.959892272949
data=moons-0_02-2-5000/delta=0.05/epoch=2000/learner=bound-sto/max_depth=None/mc_draws=10/multi=False/nb_per_attribute=4/nb_tree=100/prior=0.5/rand_n=100/risk=exact/seed=2/sigmoid_c=100/sto_prior=1.0/voter=stump,0.0406688787043094,34.89007568359375,0.017641164,0.010873232,3163.8067812919617
data=moons-0_02-1-5000/delta=0.05/epoch=2000/learner=bound-sto/max_depth=None/mc_draws=10/multi=False/nb_per_attribute=32/nb_tree=100/prior=0.5/rand_n=100/risk=exact/seed=1/sigmoid_c=100/sto_prior=1.0/voter=stump,0.0225144233554601,91.044921875,0.0006512512,0.0008335673,3183.8128159046173
data=moons-0_02-9-5000/delta=0.05/epoch=2000/learner=bound-sto/max_depth=None/mc_draws=10/multi=False/nb_per_attribute=8/nb_tree=100/prior=0.5/rand_n=100/risk=exact/seed=9/sigmoid_c=100/sto_prior=1.0/voter=stump,0.012725762091577,50.48858642578125,0.00022115975,0.00041444687,2865.0728063583374
data=moons-0_02-2-5000/delta=0.05/epoch=2000/learner=bound-sto/max_depth=None/mc_draws=10/multi=False/nb_per_attribute=32/nb_tree=100/prior=0.5/rand_n=100/risk=exact/seed=2/sigmoid_c=100/sto_prior=1.0/voter=stump,0.0218686535954475,88.3951416015625,0.0006200448,0.00062156987,4229.499837636948
data=moons-0_02-0-5000/delta=0.05/epoch=2000/learner=bound-sto/max_depth=None/mc_draws=10/multi=False/nb_per_attribute=2/nb_tree=100/prior=0.5/rand_n=100/risk=exact/seed=0/sigmoid_c=100/sto_prior=1.0/voter=stump,0.1167006567120552,7.811309814453125,0.09204269,0.08959529,3219.005458831787
data=moons-0_02-7-5000/delta=0.05/epoch=2000/learner=bound-sto/max_depth=None/mc_draws=10/multi=False/nb_per_attribute=4/nb_tree=100/prior=0.5/rand_n=100/risk=exact/seed=7/sigmoid_c=100/sto_prior=1.0/voter=stump,0.0574778504669666,24.920928955078125,0.03284197,0.03676541,3048.01265335083
data=moons-0_02-7-5000/delta=0.05/epoch=2000/learner=bound-sto/max_depth=None/mc_draws=10/multi=False/nb_per_attribute=8/nb_tree=100/prior=0.5/rand_n=100/risk=exact/seed=7/sigmoid_c=100/sto_prior=1.0/voter=stump,0.0133658638224005,54.4530029296875,0.00018420955,0.00017203612,3067.30587887764
data=moons-0_02-0-5000/delta=0.05/epoch=2000/learner=bound-sto/max_depth=None/mc_draws=10/multi=False/nb_per_attribute=8/nb_tree=100/prior=0.5/rand_n=100/risk=exact/seed=0/sigmoid_c=100/sto_prior=1.0/voter=stump,0.0133751770481467,51.99090576171875,0.0003091026,0.00020459655,3329.9711289405823
data=moons-0_02-4-5000/delta=0.05/epoch=2000/learner=bound-sto/max_depth=None/mc_draws=10/multi=False/nb_per_attribute=8/nb_tree=100/prior=0.5/rand_n=100/risk=exact/seed=4/sigmoid_c=100/sto_prior=1.0/voter=stump,0.0166711267083883,52.59490966796875,0.0013255997,0.0023124323,3347.6790618896484
data=moons-0_02-1-5000/delta=0.05/epoch=2000/learner=bound-sto/max_depth=None/mc_draws=10/multi=False/nb_per_attribute=64/nb_tree=100/prior=0.5/rand_n=100/risk=exact/seed=1/sigmoid_c=100/sto_prior=1.0/voter=stump,0.0266718454658985,105.9366455078125,0.0009840336,0.0011465829,3358.706516981125
data=moons-0_02-4-5000/delta=0.05/epoch=2000/learner=bound-sto/max_depth=None/mc_draws=10/multi=False/nb_per_attribute=4/nb_tree=100/prior=0.5/rand_n=100/risk=exact/seed=4/sigmoid_c=100/sto_prior=1.0/voter=stump,0.1357352286577224,18.50630187988281,0.101845086,0.07963668,3365.7671930789948
data=moons-0_02-7-5000/delta=0.05/epoch=2000/learner=bound-sto/max_depth=None/mc_draws=10/multi=False/nb_per_attribute=16/nb_tree=100/prior=0.5/rand_n=100/risk=exact/seed=7/sigmoid_c=100/sto_prior=1.0/voter=stump,0.0180892087519168,74.3646240234375,0.00036401683,0.00035610073,3175.6490530967712
data=moons-0_02-5-5000/delta=0.05/epoch=2000/learner=bound-sto/max_depth=None/mc_draws=10/multi=False/nb_per_attribute=2/nb_tree=100/prior=0.5/rand_n=100/risk=exact/seed=5/sigmoid_c=100/sto_prior=1.0/voter=stump,0.116892285645008,9.50104522705078,0.09097389,0.07826862,3398.8840930461884
data=moons-0_02-4-5000/delta=0.05/epoch=2000/learner=bound-sto/max_depth=None/mc_draws=10/multi=False/nb_per_attribute=16/nb_tree=100/prior=0.5/rand_n=100/risk=exact/seed=4/sigmoid_c=100/sto_prior=1.0/voter=stump,0.016989441588521,69.433837890625,0.00033580852,0.00033897115,3401.002900838852
data=moons-0_02-1-5000/delta=0.05/epoch=2000/learner=bound-sto/max_depth=None/mc_draws=100/multi=False/nb_per_attribute=128/nb_tree=100/prior=0.5/rand_n=100/risk=MC/seed=1/sigmoid_c=100/sto_prior=1.0/voter=stump,0.0542899891734123,177.840576171875,0.005859777,0.005942941,3401.223737716675
data=moons-0_02-5-5000/delta=0.05/epoch=2000/learner=bound-sto/max_depth=None/mc_draws=10/multi=False/nb_per_attribute=4/nb_tree=100/prior=0.5/rand_n=100/risk=exact/seed=5/sigmoid_c=100/sto_prior=1.0/voter=stump,0.1412229239940643,17.735641479492188,0.10720813,0.105338216,3413.4513669013977
data=moons-0_02-4-5000/delta=0.05/epoch=2000/learner=bound-sto/max_depth=None/mc_draws=10/multi=False/nb_per_attribute=32/nb_tree=100/prior=0.5/rand_n=100/risk=exact/seed=4/sigmoid_c=100/sto_prior=1.0/voter=stump,0.0215804781764745,87.272705078125,0.0006028397,0.0005934944,2936.229198932648
data=moons-0_02-7-5000/delta=0.05/epoch=2000/learner=bound-sto/max_depth=None/mc_draws=10/multi=False/nb_per_attribute=32/nb_tree=100/prior=0.5/rand_n=100/risk=exact/seed=7/sigmoid_c=100/sto_prior=1.0/voter=stump,0.0219701491296291,88.8143310546875,0.00062478526,0.00064142025,3304.645688772201
data=moons-0_02-5-5000/delta=0.05/epoch=2000/learner=bound-sto/max_depth=None/mc_draws=10/multi=False/nb_per_attribute=128/nb_tree=100/prior=0.5/rand_n=100/risk=exact/seed=5/sigmoid_c=100/sto_prior=1.0/voter=stump,0.0319594964385032,123.449462890625,0.0015213625,0.0014766129,3441.0582826137543
data=moons-0_02-3-5000/delta=0.05/epoch=2000/learner=bound-sto/max_depth=None/mc_draws=10/multi=False/nb_per_attribute=2/nb_tree=100/prior=0.5/rand_n=100/risk=exact/seed=3/sigmoid_c=100/sto_prior=1.0/voter=stump,0.1157950162887573,7.850582122802734,0.09119559,0.09755543,3450.3479940891266
data=moons-0_02-3-5000/delta=0.05/epoch=2000/learner=bound-sto/max_depth=None/mc_draws=10/multi=False/nb_per_attribute=16/nb_tree=100/prior=0.5/rand_n=100/risk=exact/seed=3/sigmoid_c=100/sto_prior=1.0/voter=stump,0.0184044241905212,76.03173828125,0.00035926615,0.00039522717,3451.323170423508
data=moons-0_02-3-5000/delta=0.05/epoch=2000/learner=bound-sto/max_depth=None/mc_draws=10/multi=False/nb_per_attribute=8/nb_tree=100/prior=0.5/rand_n=100/risk=exact/seed=3/sigmoid_c=100/sto_prior=1.0/voter=stump,0.0147101543843746,52.73236083984375,0.0006488752,0.0012432649,3462.25270986557
data=moons-0_02-3-5000/delta=0.05/epoch=2000/learner=bound-sto/max_depth=None/mc_draws=10/multi=False/nb_per_attribute=32/nb_tree=100/prior=0.5/rand_n=100/risk=exact/seed=3/sigmoid_c=100/sto_prior=1.0/voter=stump,0.0214814245700836,86.7646484375,0.00060373364,0.0006590854,3325.6955716609955
data=moons-0_02-3-5000/delta=0.05/epoch=2000/learner=bound-sto/max_depth=None/mc_draws=10/multi=False/nb_per_attribute=4/nb_tree=100/prior=0.5/rand_n=100/risk=exact/seed=3/sigmoid_c=100/sto_prior=1.0/voter=stump,0.0799334496259689,21.32783508300781,0.05230818,0.0542559,3472.043229341507
data=moons-0_02-6-5000/delta=0.05/epoch=2000/learner=bound-sto/max_depth=None/mc_draws=10/multi=False/nb_per_attribute=128/nb_tree=100/prior=0.5/rand_n=100/risk=exact/seed=6/sigmoid_c=100/sto_prior=1.0/voter=stump,0.031948734074831,123.3212890625,0.0015262584,0.0016248228,3475.399808168412
data=moons-0_02-0-5000/delta=0.05/epoch=2000/learner=bound-sto/max_depth=None/mc_draws=10/multi=False/nb_per_attribute=16/nb_tree=100/prior=0.5/rand_n=100/risk=exact/seed=0/sigmoid_c=100/sto_prior=1.0/voter=stump,0.0178625881671905,73.36395263671875,0.00035739446,0.0003628881,3501.5246262550354
data=moons-0_02-8-5000/delta=0.05/epoch=2000/learner=bound-sto/max_depth=None/mc_draws=10/multi=False/nb_per_attribute=16/nb_tree=100/prior=0.5/rand_n=100/risk=exact/seed=8/sigmoid_c=100/sto_prior=1.0/voter=stump,0.0194947645068168,72.699462890625,0.0008591442,0.00051591283,3274.2605328559875
data=moons-0_02-0-5000/delta=0.05/epoch=2000/learner=bound-sto/max_depth=None/mc_draws=10/multi=False/nb_per_attribute=32/nb_tree=100/prior=0.5/rand_n=100/risk=exact/seed=0/sigmoid_c=100/sto_prior=1.0/voter=stump,0.0218699350953102,88.47802734375,0.000615779,0.0006346768,3097.6623697280884
data=moons-0_02-8-5000/delta=0.05/epoch=2000/learner=bound-sto/max_depth=None/mc_draws=10/multi=False/nb_per_attribute=8/nb_tree=100/prior=0.5/rand_n=100/risk=exact/seed=8/sigmoid_c=100/sto_prior=1.0/voter=stump,0.0143941305577754,54.912353515625,0.00042461467,0.0022042482,3295.9867312908173
data=moons-0_02-8-5000/delta=0.05/epoch=2000/learner=bound-sto/max_depth=None/mc_draws=10/multi=False/nb_per_attribute=32/nb_tree=100/prior=0.5/rand_n=100/risk=exact/seed=8/sigmoid_c=100/sto_prior=1.0/voter=stump,0.0216335412114858,87.6260986328125,0.0005978592,0.0006495362,3472.612648010254
data=moons-0_02-9-5000/delta=0.05/epoch=2000/learner=bound-sto/max_depth=None/mc_draws=10/multi=False/nb_per_attribute=2/nb_tree=100/prior=0.5/rand_n=100/risk=exact/seed=9/sigmoid_c=100/sto_prior=1.0/voter=stump,0.1152506619691848,9.2747802734375,0.08966191,0.09544099,3318.435639619828
data=moons-0_02-9-5000/delta=0.05/epoch=2000/learner=bound-sto/max_depth=None/mc_draws=10/multi=False/nb_per_attribute=4/nb_tree=100/prior=0.5/rand_n=100/risk=exact/seed=9/sigmoid_c=100/sto_prior=1.0/voter=stump,0.0840392559766769,30.241729736328125,0.051986877,0.05249768,3310.0613663196564
data=moons-0_02-4-5000/delta=0.05/epoch=2000/learner=bound-sto/max_depth=None/mc_draws=10/multi=False/nb_per_attribute=64/nb_tree=100/prior=0.5/rand_n=100/risk=exact/seed=4/sigmoid_c=100/sto_prior=1.0/voter=stump,0.0269170571118593,106.9808349609375,0.0009942048,0.0009617845,3627.475121498108
data=moons-0_02-8-5000/delta=0.05/epoch=2000/learner=bound-sto/max_depth=None/mc_draws=100/multi=False/nb_per_attribute=128/nb_tree=100/prior=0.5/rand_n=100/risk=MC/seed=8/sigmoid_c=100/sto_prior=1.0/voter=stump,0.0544703006744384,177.55322265625,0.0062237703,0.0061912443,3359.137700796128
data=moons-0_02-3-5000/delta=0.05/epoch=2000/learner=bound-sto/max_depth=None/mc_draws=10/multi=False/nb_per_attribute=64/nb_tree=100/prior=0.5/rand_n=100/risk=exact/seed=3/sigmoid_c=100/sto_prior=1.0/voter=stump,0.026677394285798,105.8780517578125,0.0009892115,0.0011113049,3642.874917030336
data=moons-0_02-8-5000/delta=0.05/epoch=2000/learner=bound-sto/max_depth=None/mc_draws=10/multi=False/nb_per_attribute=4/nb_tree=100/prior=0.5/rand_n=100/risk=exact/seed=8/sigmoid_c=100/sto_prior=1.0/voter=stump,0.1754584163427353,9.49736785888672,0.14446877,0.14538394,3411.566890001297
data=moons-0_02-8-5000/delta=0.05/epoch=2000/learner=bound-sto/max_depth=None/mc_draws=10/multi=False/nb_per_attribute=2/nb_tree=100/prior=0.5/rand_n=100/risk=exact/seed=8/sigmoid_c=100/sto_prior=1.0/voter=stump,0.1166083365678787,7.814380645751953,0.09195701,0.09476806,3424.5009274482727
data=moons-0_02-2-5000/delta=0.05/epoch=2000/learner=bound-sto/max_depth=None/mc_draws=10/multi=False/nb_per_attribute=64/nb_tree=100/prior=0.5/rand_n=100/risk=exact/seed=2/sigmoid_c=100/sto_prior=1.0/voter=stump,0.0270591881126165,107.513427734375,0.0010044823,0.0009478873,3675.2095437049866
data=moons-0_02-0-5000/delta=0.05/epoch=2000/learner=bound-sto/max_depth=None/mc_draws=100/multi=False/nb_per_attribute=128/nb_tree=100/prior=0.5/rand_n=100/risk=MC/seed=0/sigmoid_c=100/sto_prior=1.0/voter=stump,0.0562383867800235,177.93798828125,0.0061959466,0.006288126,3689.086322069168
data=moons-0_02-9-5000/delta=0.05/epoch=2000/learner=bound-sto/max_depth=None/mc_draws=10/multi=False/nb_per_attribute=64/nb_tree=100/prior=0.5/rand_n=100/risk=exact/seed=9/sigmoid_c=100/sto_prior=1.0/voter=stump,0.0267944373190403,106.5274658203125,0.0009849818,0.0009938488,3353.2935523986816
data=moons-0_02-2-5000/delta=0.05/epoch=2000/learner=bound-sto/max_depth=None/mc_draws=100/multi=False/nb_per_attribute=128/nb_tree=100/prior=0.5/rand_n=100/risk=MC/seed=2/sigmoid_c=100/sto_prior=1.0/voter=stump,0.0543761253356933,180.572021484375,0.006170097,0.005644234,3700.902185201645
data=moons-0_02-7-5000/delta=0.05/epoch=2000/learner=bound-sto/max_depth=None/mc_draws=100/multi=False/nb_per_attribute=128/nb_tree=100/prior=0.5/rand_n=100/risk=MC/seed=7/sigmoid_c=100/sto_prior=1.0/voter=stump,0.0547787137329578,177.12548828125,0.0065144156,0.0060383235,3475.132935523987
data=moons-0_02-3-5000/delta=0.05/epoch=2000/learner=bound-sto/max_depth=None/mc_draws=100/multi=False/nb_per_attribute=128/nb_tree=100/prior=0.5/rand_n=100/risk=MC/seed=3/sigmoid_c=100/sto_prior=1.0/voter=stump,0.0553388856351375,176.596435546875,0.0056077833,0.0068930103,3714.31596827507
data=moons-0_02-7-5000/delta=0.05/epoch=2000/learner=bound-sto/max_depth=None/mc_draws=10/multi=False/nb_per_attribute=64/nb_tree=100/prior=0.5/rand_n=100/risk=exact/seed=7/sigmoid_c=100/sto_prior=1.0/voter=stump,0.026746779680252,106.294921875,0.0009847838,0.000979298,3526.34661078453
data=moons-0_02-9-5000/delta=0.05/epoch=2000/learner=bound-sto/max_depth=None/mc_draws=10/multi=False/nb_per_attribute=128/nb_tree=100/prior=0.5/rand_n=100/risk=exact/seed=9/sigmoid_c=100/sto_prior=1.0/voter=stump,0.031946837902069,123.342041015625,0.0015243,0.0015240628,3373.1773240566254
data=moons-0_02-4-5000/delta=0.05/epoch=2000/learner=bound-sto/max_depth=None/mc_draws=100/multi=False/nb_per_attribute=128/nb_tree=100/prior=0.5/rand_n=100/risk=MC/seed=4/sigmoid_c=100/sto_prior=1.0/voter=stump,0.0555571839213371,178.155029296875,0.0060618403,0.005922592,3774.1868674755096
data=moons-0_02-8-5000/delta=0.05/epoch=2000/learner=bound-sto/max_depth=None/mc_draws=10/multi=False/nb_per_attribute=64/nb_tree=100/prior=0.5/rand_n=100/risk=exact/seed=8/sigmoid_c=100/sto_prior=1.0/voter=stump,0.0267896708101034,106.46142578125,0.0009875327,0.0009980039,3537.452975511551
data=moons-0_02-9-5000/delta=0.05/epoch=2000/learner=bound-sto/max_depth=None/mc_draws=10/multi=False/nb_per_attribute=16/nb_tree=100/prior=0.5/rand_n=100/risk=exact/seed=9/sigmoid_c=100/sto_prior=1.0/voter=stump,0.0180029943585395,73.98028564453125,0.00036168084,0.0003803265,3493.2721333503723
data=moons-0_02-9-5000/delta=0.05/epoch=2000/learner=bound-sto/max_depth=None/mc_draws=10/multi=False/nb_per_attribute=32/nb_tree=100/prior=0.5/rand_n=100/risk=exact/seed=9/sigmoid_c=100/sto_prior=1.0/voter=stump,0.0214674212038517,86.8006591796875,0.00059786433,0.0006213172,3507.541516065597
data=moons-0_02-9-5000/delta=0.05/epoch=2000/learner=bound-sto/max_depth=None/mc_draws=100/multi=False/nb_per_attribute=128/nb_tree=100/prior=0.5/rand_n=100/risk=MC/seed=9/sigmoid_c=100/sto_prior=1.0/voter=stump,0.0533943101763725,177.8974609375,0.00513156,0.0066199615,3643.612007379532
data=moons-0_02-1-5000/delta=0.05/epoch=2000/learner=bound-sto/max_depth=None/mc_draws=10/multi=False/nb_per_attribute=16/nb_tree=100/prior=0.5/rand_n=100/risk=exact/seed=1/sigmoid_c=100/sto_prior=1.0/voter=stump,0.0171631295233964,70.37554931640625,0.00033198937,0.00036954347,4088.748248815537
data=moons-0_02-2-5000/delta=0.05/epoch=2000/learner=bound-sto/max_depth=None/mc_draws=10/multi=False/nb_per_attribute=8/nb_tree=100/prior=0.5/rand_n=100/risk=exact/seed=2/sigmoid_c=100/sto_prior=1.0/voter=stump,0.0151119036599993,54.4447021484375,0.0006639858,0.0012343503,4151.887704133987
data=moons-0_02-0-5000/delta=0.05/epoch=2000/learner=bound-sto/max_depth=None/mc_draws=10/multi=False/nb_per_attribute=4/nb_tree=100/prior=0.5/rand_n=100/risk=exact/seed=0/sigmoid_c=100/sto_prior=1.0/voter=stump,0.1328234821557998,18.229888916015625,0.0994337,0.0914797,4156.953697443008
data=moons-0_02-3-5000/delta=0.05/epoch=2000/learner=bound-sto/max_depth=None/mc_draws=10/multi=False/nb_per_attribute=128/nb_tree=100/prior=0.5/rand_n=100/risk=exact/seed=3/sigmoid_c=100/sto_prior=1.0/voter=stump,0.0317387767136096,122.367919921875,0.0015211084,0.0016941585,4206.303869724274
data=moons-0_02-4-5000/delta=0.05/epoch=2000/learner=bound-sto/max_depth=None/mc_draws=10/multi=False/nb_per_attribute=2/nb_tree=100/prior=0.5/rand_n=100/risk=exact/seed=4/sigmoid_c=100/sto_prior=1.0/voter=stump,0.1134767979383468,9.391891479492188,0.0879877,0.111737885,4223.045267343521
data=moons-0_02-7-5000/delta=0.05/epoch=2000/learner=bound-sto/max_depth=None/mc_draws=10/multi=False/nb_per_attribute=128/nb_tree=100/prior=0.5/rand_n=100/risk=exact/seed=7/sigmoid_c=100/sto_prior=1.0/voter=stump,0.03185960277915,123.007568359375,0.001518146,0.001502765,4018.504803657532
data=moons-0_02-4-5000/delta=0.05/epoch=2000/learner=bound-sto/max_depth=None/mc_draws=10/multi=False/nb_per_attribute=128/nb_tree=100/prior=0.5/rand_n=100/risk=exact/seed=4/sigmoid_c=100/sto_prior=1.0/voter=stump,0.0320134200155735,123.62060546875,0.0015274847,0.0014958596,4266.332824230194
data=moons-0_02-2-5000/delta=0.05/epoch=2000/learner=bound-sto/max_depth=None/mc_draws=10/multi=False/nb_per_attribute=128/nb_tree=100/prior=0.5/rand_n=100/risk=exact/seed=2/sigmoid_c=100/sto_prior=1.0/voter=stump,0.031996514648199,123.649169921875,0.0015202201,0.0014859281,4285.116318941116
data=moons-0_02-8-5000/delta=0.05/epoch=2000/learner=bound-sto/max_depth=None/mc_draws=10/multi=False/nb_per_attribute=128/nb_tree=100/prior=0.5/rand_n=100/risk=exact/seed=8/sigmoid_c=100/sto_prior=1.0/voter=stump,0.0319054462015628,123.247802734375,0.001517187,0.0015855465,4010.6308233737946
data=moons-0_02-0-5000/delta=0.05/epoch=2000/learner=bound-sto/max_depth=None/mc_draws=10/multi=False/nb_per_attribute=128/nb_tree=100/prior=0.5/rand_n=100/risk=exact/seed=0/sigmoid_c=100/sto_prior=1.0/voter=stump,0.0319024287164211,123.085693359375,0.0015267706,0.001551639,4748.165129899979
data=moons-0_02-1-5000/delta=0.05/epoch=2000/learner=bound-sto/max_depth=None/mc_draws=10/multi=False/nb_per_attribute=128/nb_tree=100/prior=0.5/rand_n=100/risk=exact/seed=1/sigmoid_c=100/sto_prior=1.0/voter=stump,0.0318030603229999,122.685791015625,0.0015209911,0.0017355497,4833.914977312088
data=moons-0_02-0-5000/delta=0.05/epoch=2000/learner=bound-sto/max_depth=None/mc_draws=10/multi=False/nb_per_attribute=64/nb_tree=100/prior=0.5/rand_n=100/risk=exact/seed=0/sigmoid_c=100/sto_prior=1.0/voter=stump,0.026863303035497665,106.6337890625,0.000999087,0.0010085868,5023.586776971817
